Iteration	CPUTime	PhysTime	Travels	Value	AvValue	MinValue	MaxValue	Delta	Criteria	PrevAvRefValue	Progress	CriteriaType	CriteriaVarType	CriteriaPercentage
1	1	0	0.0129484509	-0.00985174513	-0.00985174513	-0.00985174513	-0.00985174513	0	0	0	0	0	0	3
2	1	0	0.0258969018	-0.0291587969	-0.019505271	-0.0291587969	-0.00985174513	0.00965352589	0	0	0	0	0	3
3	1	0	0.0388453527	-0.0112932381	-0.0167679267	-0.0291587969	-0.00985174513	0.00965352589	0	0	0	0	0	3
4	2	0	0.0517938036	-0.0244141533	-0.0186794834	-0.0291587969	-0.00985174513	0.00965352589	0	0	0	0	0	3
5	2	0	0.0647422545	-0.0273532586	-0.0204142384	-0.0291587969	-0.00985174513	0.0105624933	0	0	0	0	0	3
6	2	0	0.0776907054	-0.0414881722	-0.0239265607	-0.0414881722	-0.00985174513	0.0140748156	0	0	0	0	0	3
7	2	0	0.0906391563	-0.0338475542	-0.0253438455	-0.0414881722	-0.00985174513	0.0154921004	0	0	0	0	0	3
8	3	0	0.103587607	-0.0164849062	-0.0242364781	-0.0414881722	-0.00985174513	0.0154921004	0	0	0	0	0	3
9	3	0	0.116536058	-0.00399536192	-0.0219874652	-0.0414881722	-0.00399536192	0.0154921004	0	0	0	0	0	3
10	3	0	0.129484509	0.00364311454	-0.0194244072	-0.0414881722	0.00364311454	0.0154921004	0	0	0	0	0	3
11	3	0	0.14243296	0.00376057812	-0.0173166813	-0.0414881722	0.00376057812	0.0154921004	0	0	0	0	0	3
12	4	0	0.155381411	-0.013014171	-0.0169581387	-0.0414881722	0.00376057812	0.0154921004	0	0	0	0	0	3
13	4	0	0.168329862	-0.0239106566	-0.0174929478	-0.0414881722	0.00376057812	0.0154921004	0	0	0	0	0	3
14	4	0	0.181278313	-0.0245780834	-0.0179990289	-0.0414881722	0.00376057812	0.0154921004	0	0	0	0	0	3
15	4	0	0.194226763	-0.0285474394	-0.0187022563	-0.0414881722	0.00376057812	0.0154921004	0	0	0	0	0	3
16	4	0	0.207175214	-0.0261455703	-0.0191674634	-0.0414881722	0.00376057812	0.0154921004	0	0	0	0	0	3
17	5	0	0.220123665	-0.0253726856	-0.0195324765	-0.0414881722	0.00376057812	0.0154921004	0	0	0	0	0	3
18	5	0	0.233072116	-0.0268362497	-0.0199382417	-0.0414881722	0.00376057812	0.0154921004	0	0	0	0	0	3
19	5	0	0.246020567	-0.0278958688	-0.0203570642	-0.0414881722	0.00376057812	0.0154921004	0	0	0	0	0	3
20	5	0	0.258969018	-0.0304708527	-0.0208627536	-0.0414881722	0.00376057812	0.0154921004	0	0	0	0	0	3
21	6	0	0.271917469	-0.0355419006	-0.0215617606	-0.0414881722	0.00376057812	0.0154921004	0	0	0	0	0	3
22	6	0	0.28486592	-0.0420602211	-0.0224935088	-0.0420602211	0.00376057812	0.0154921004	0	0	0	0	0	3
23	6	0	0.297814371	-0.0504789795	-0.0237102684	-0.0504789795	0.00376057812	0.0154921004	0	0	0	0	0	3
24	6	0	0.310762821	-0.0609871119	-0.0252634702	-0.0609871119	0.00376057812	0.0154921004	0	0	0	0	0	3
25	7	0	0.323711272	-0.0737817751	-0.0272042024	-0.0737817751	0.00376057812	0.0173524573	0	0	0	0	0	3
26	7	0	0.336659723	-0.0933519111	-0.029748345	-0.0933519111	0.00376057812	0.0198965999	0	0	0	0	0	3
27	7	0	0.349608174	-0.113978779	-0.0328679908	-0.113978779	0.00376057812	0.0230162456	0	0	0	0	0	3
28	7	0	0.362556625	-0.135260959	-0.0365248825	-0.135260959	0.00376057812	0.0266731373	0	0	0	0	0	3
29	8	0	0.375505076	-0.155203969	-0.0406172648	-0.155203969	0.00376057812	0.0307655196	0	0	0	0	0	3
30	8	0	0.388453527	-0.171475337	-0.0449792005	-0.171475337	0.00376057812	0.0351274554	0	0	0	0	0	3
31	8	0	0.401401978	-0.190927265	-0.0496872026	-0.190927265	0.00376057812	0.0398354575	0	0	0	0	0	3
32	8	0	0.414350429	-0.208005576	-0.0546346517	-0.208005576	0.00376057812	0.0447829066	0	0	0	0	0	3
33	8	0	0.42729888	-0.223274319	-0.0597449447	-0.223274319	0.00376057812	0.0498931996	0	0	0	0	0	3
34	9	0	0.44024733	-0.237600635	-0.0649759944	-0.237600635	0.00376057812	0.0551242493	0	0	0	0	0	3
35	9	0	0.453195781	-0.25194358	-0.0703179255	-0.25194358	0.00376057812	0.0604661803	0	0	0	0	0	3
36	9	0	0.466144232	-0.271234305	-0.075898936	-0.271234305	0.00376057812	0.0660471909	0	0	0	0	0	3
37	9	0	0.479092683	-0.289897585	-0.0816826833	-0.289897585	0.00376057812	0.0718309382	0	0	0	0	0	3
38	10	0	0.492041134	-0.309559985	-0.0876794544	-0.309559985	0.00376057812	0.0778277092	0	0	0	0	0	3
39	10	0	0.504989585	-0.329071233	-0.0938689872	-0.329071233	0.00376057812	0.084017242	0	0	0	0	0	3
40	10	0	0.517938036	-0.34778816	-0.102534023	-0.34778816	0.00376057812	0.0857660967	0	0	0	0	0	3
41	10	0	0.530886487	-0.372396836	-0.111334999	-0.372396836	0.00376057812	0.0945670721	0	0	0	0	0	3
42	10	0	0.543834938	-0.393674504	-0.121139647	-0.393674504	0.00376057812	0.104181508	0	0	0	0	0	3
43	11	0	0.556783388	-0.411659257	-0.131069008	-0.411659257	0.00376057812	0.11411087	0	0	0	0	0	3
44	11	0	0.569731839	-0.427375125	-0.141325979	-0.427375125	0.00376057812	0.12436784	0	0	0	0	0	3
45	11	0	0.58268029	-0.444014722	-0.151647173	-0.444014722	0.00376057812	0.134689034	0	0	0	0	0	3
46	11	0	0.595628741	-0.459152884	-0.162552438	-0.459152884	0.00376057812	0.145594299	0	0	0	0	0	3
47	12	0	0.608577192	-0.474428283	-0.174294576	-0.474428283	0.00376057812	0.157336437	0	0	0	0	0	3
48	12	0	0.621525643	-0.488908758	-0.186728252	-0.488908758	0.00376057812	0.169770114	0	0	0	0	0	3
49	12	0	0.634474094	-0.50236346	-0.19970278	-0.50236346	0.00376057812	0.182744641	0	0	0	0	0	3
50	12	0	0.647422545	-0.515380096	-0.213014079	-0.515380096	-0.013014171	0.196055941	0	0	0	0	0	3
51	12	0	0.660370996	-0.528046827	-0.226220045	-0.528046827	-0.0239106566	0.208727097	0	0	0	0	0	3
52	13	0	0.673319447	-0.540256916	-0.239459692	-0.540256916	-0.0245780834	0.221460664	0	0	0	0	0	3
53	13	0	0.686267897	-0.552047357	-0.252984546	-0.552047357	-0.0253726856	0.234282289	0	0	0	0	0	3
54	13	0	0.699216348	-0.56307343	-0.26669034	-0.56307343	-0.0253726856	0.247522877	0	0	0	0	0	3
55	13	0	0.712164799	-0.573506626	-0.280725239	-0.573506626	-0.0253726856	0.261192763	0	0	0	0	0	3
56	13	0	0.72511325	-0.582692683	-0.295015495	-0.582692683	-0.0268362497	0.275077254	0	0	0	0	0	3
57	14	0	0.738061701	-0.592057682	-0.309508353	-0.592057682	-0.0278958688	0.289151289	0	0	0	0	0	3
58	14	0	0.751010152	-0.601063142	-0.32420495	-0.601063142	-0.0304708527	0.303342196	0	0	0	0	0	3
59	14	0	0.763958603	-0.609942247	-0.33906319	-0.609942247	-0.0355419006	0.31750143	0	0	0	0	0	3
60	14	0	0.776907054	-0.618576709	-0.354012801	-0.618576709	-0.0420602211	0.331519292	0	0	0	0	0	3
61	14	0	0.789855505	-0.627087015	-0.369013488	-0.627087015	-0.0504789795	0.34530322	0	0	0	0	0	3
62	15	0	0.802803955	-0.635579769	-0.384016072	-0.635579769	-0.0609871119	0.358752602	0	0	0	0	0	3
63	15	0	0.815752406	-0.643933979	-0.398963428	-0.643933979	-0.0737817751	0.371759225	0	0	0	0	0	3
64	15	0	0.828700857	-0.652239386	-0.413795674	-0.652239386	-0.0933519111	0.384047329	0	0	0	0	0	3
65	15	0	0.841649308	-0.660521876	-0.428338494	-0.660521876	-0.113978779	0.395470503	0	0	0	0	0	3
66	16	0	0.854597759	-0.668508233	-0.442557198	-0.668508233	-0.135260959	0.406032315	0	0	0	0	0	3
67	16	0	0.86754621	-0.677102096	-0.45645056	-0.677102096	-0.155203969	0.415833296	0	0	0	0	0	3
68	16	0	0.880494661	-0.685634757	-0.47005135	-0.685634757	-0.171475337	0.425072149	0	0	0	0	0	3
69	16	0	0.893443112	-0.694436977	-0.483460623	-0.694436977	-0.190927265	0.43377342	0	0	0	0	0	3
70	16	0	0.906391563	-0.702850185	-0.496586851	-0.702850185	-0.208005576	0.4419522	0	0	0	0	0	3
71	17	0	0.919340014	-0.710840043	-0.509480043	-0.710840043	-0.223274319	0.449735098	0	0	0	0	0	3
72	17	0	0.932288464	-0.719438356	-0.522202198	-0.719438356	-0.237600635	0.457226203	0	0	0	0	0	3
73	17	0	0.945236915	-0.727305669	-0.534758737	-0.727305669	-0.25194358	0.464440811	0	0	0	0	0	3
74	17	0	0.958185366	-0.736073665	-0.547172329	-0.736073665	-0.271234305	0.46483936	0	0	0	0	0	3
75	17	0	0.971133817	-0.744776297	-0.559314431	-0.744776297	-0.289897585	0.454878711	0	0	0	0	0	3
76	18	0	0.984082268	-0.75332414	-0.571197163	-0.75332414	-0.309559985	0.443764156	0	0	0	0	0	3
77	18	0	0.997030719	-0.761631332	-0.582788736	-0.761631332	-0.329071233	0.432560099	0	0	0	0	0	3
78	18	0	1.00997917	-0.769881651	-0.594091568	-0.769881651	-0.34778816	0.422093491	0.0232092669	0	5.4	0	0	3
79	18	0	1.02292762	-0.778891613	-0.605145502	-0.778891613	-0.372396836	0.406494777	0.0234795657	0	5.7	0	0	3
80	19	0	1.03587607	-0.787843325	-0.615797976	-0.787843325	-0.393674504	0.394168822	0.0236138414	0	5.9	0	0	3
81	19	0	1.04882452	-0.796404648	-0.62612439	-0.796404648	-0.411659257	0.384745391	0.0237442132	0	6.1	0	0	3
82	19	0	1.06177297	-0.805200298	-0.636215186	-0.805200298	-0.427375125	0.377825172	0.0238753665	0	6.3	0	0	3
83	19	0	1.07472142	-0.813922044	-0.646126646	-0.813922044	-0.444014722	0.369907322	0.0240063889	0	6.4	0	0	3
84	19	0	1.08766988	-0.822966605	-0.655843361	-0.822966605	-0.459152884	0.363813721	0.02413896	0	6.6	0	0	3
85	20	0	1.10061833	-0.832443141	-0.665414906	-0.832443141	-0.474428283	0.358014857	0.0242742674	0	6.7	0	0	3
86	20	0	1.11356678	-0.842031109	-0.674840619	-0.842031109	-0.488908758	0.353122351	0.0244117028	0	6.9	0	0	3
87	20	0	1.12651523	-0.851690875	-0.684142725	-0.851690875	-0.50236346	0.349327415	0.0245507962	0	7	0	0	3
88	20	0	1.13946368	-0.861213859	-0.693344017	-0.861213859	-0.515380096	0.345833763	0.0246906399	0	7.1	0	0	3
89	20	0	1.15241213	-0.870908994	-0.702460143	-0.870908994	-0.528046827	0.342862167	0.0247857494	0	7.2	0	0	3
90	21	0	1.16536058	-0.881235534	-0.711516263	-0.881235534	-0.540256916	0.340978617	0.0248635825	0	7.2	0	0	3
91	21	0	1.17830903	-0.892402445	-0.720545636	-0.892402445	-0.552047357	0.340355088	0.0249536708	0	7.3	0	0	3
92	21	0	1.19125748	-0.904409418	-0.72958056	-0.904409418	-0.56307343	0.341335988	0.0250549159	0	7.3	0	0	3
93	21	0	1.20420593	-0.91713608	-0.73865909	-0.91713608	-0.573506626	0.343629454	0.025168115	0	7.3	0	0	3
94	22	0	1.21715438	-0.930242504	-0.747806164	-0.930242504	-0.582692683	0.347549821	0.0252917387	0	7.2	0	0	3
95	22	0	1.23010284	-0.942932294	-0.757043077	-0.942932294	-0.592057682	0.350874611	0.0254206294	0	7.2	0	0	3
96	22	0	1.24305129	-0.954875964	-0.76634611	-0.954875964	-0.601063142	0.353812822	0.0255533391	0	7.2	0	0	3
97	22	0	1.25599974	-0.966136654	-0.775706969	-0.966136654	-0.609942247	0.356194407	0.0256857935	0	7.2	0	0	3
98	22	0	1.26894819	-0.977751364	-0.785137972	-0.977751364	-0.618576709	0.359174655	0.0258148181	0	7.1	0	0	3
99	23	0	1.28189664	-0.990150509	-0.794665505	-0.990150509	-0.627087015	0.363063494	0.0259399557	0	7.1	0	0	3
100	23	0	1.29484509	-1.00194527	-0.804277255	-1.00194527	-0.635579769	0.3663655	0.0260583208	0	7.1	0	0	3
101	23	0	1.30779354	-1.01330797	-0.813962594	-1.01330797	-0.643933979	0.369373995	0.026167508	0	7	0	0	3
102	24	0	1.32074199	-1.02493775	-0.823731922	-1.02493775	-0.652239386	0.372698369	0.0262661402	0	7	0	0	3
103	24	0	1.33369044	-1.03636157	-0.833581208	-1.03636157	-0.660521876	0.375839695	0.0263471061	0	7	0	0	3
104	24	0	1.34663889	-1.04753697	-0.843504672	-1.04753697	-0.668508233	0.37902874	0.0264109384	0	6.9	0	0	3
105	24	0	1.35958734	-1.05847844	-0.853503908	-1.05847844	-0.677102096	0.381376344	0.0264585527	0	6.9	0	0	3
106	25	0	1.37253579	-1.06915598	-0.863556572	-1.06915598	-0.685634757	0.383521226	0.0264928387	0	6.9	0	0	3
107	25	0	1.38548425	-1.07936273	-0.873652161	-1.07936273	-0.694436977	0.384925754	0.0265184864	0	6.8	0	0	3
108	25	0	1.3984327	-1.08897856	-0.883768612	-1.08897856	-0.702850185	0.386128372	0.0265325882	0	6.8	0	0	3
109	25	0	1.41138115	-1.09864327	-0.893917153	-1.09864327	-0.710840043	0.38443711	0.0265386057	0	6.9	0	0	3
110	25	0	1.4243296	-1.10804286	-0.90410184	-1.10804286	-0.719438356	0.381899643	0.0265387447	0	6.9	0	0	3
111	26	0	1.43727805	-1.11707305	-0.914297602	-1.11707305	-0.727305669	0.379538865	0.0265340607	0	6.9	0	0	3
112	26	0	1.4502265	-1.12381863	-0.924464601	-1.12381863	-0.736073665	0.377292272	0.0265229487	0	7	0	0	3
113	26	0	1.46317495	-1.12834852	-0.93452293	-1.12834852	-0.744776297	0.375208499	0.0264998195	0	7	0	0	3
114	26	0	1.4761234	-1.13247836	-0.944464009	-1.13247836	-0.75332414	0.373266845	0.026465864	0	7	0	0	3
115	26	0	1.48907185	-1.13666383	-0.954293231	-1.13666383	-0.761631332	0.371504495	0.0264211952	0	7.1	0	0	3
116	27	0	1.5020203	-1.14102842	-0.964021362	-1.14102842	-0.769881651	0.369929794	0.0263669194	0	7.1	0	0	3
117	27	0	1.51496875	-1.14528792	-0.973647164	-1.14528792	-0.778891613	0.366396309	0.0263043059	0	7.1	0	0	3
118	27	0	1.52791721	-1.14907358	-0.983139009	-1.14907358	-0.787843325	0.361230256	0.0262292058	0	7.2	0	0	3
119	27	0	1.54086566	-1.15221728	-0.992481931	-1.15221728	-0.796404648	0.355812629	0.0261445004	0	7.3	0	0	3
120	27	0	1.55381411	-1.15465086	-1.00166773	-1.15465086	-0.805200298	0.349450566	0.0260527205	0	7.4	0	0	3
121	28	0	1.56676256	-1.15649067	-1.01067518	-1.15649067	-0.813922044	0.342568631	0.0259555286	0	7.5	0	0	3
122	28	0	1.57971101	-1.15802737	-1.01949839	-1.15802737	-0.822966605	0.335060763	0.025852457	0	7.7	0	0	3
123	28	0	1.59265946	-1.15932394	-1.02812294	-1.15932394	-0.832443141	0.326880796	0.0257447387	0	7.8	0	0	3
124	28	0	1.60560791	-1.16059534	-1.0365371	-1.16059534	-0.842031109	0.318564235	0.0256325707	0	8	0	0	3
125	29	0	1.61855636	-1.16182189	-1.04473686	-1.16182189	-0.851690875	0.310131013	0.0255167159	0	8.2	0	0	3
126	29	0	1.63150481	-1.16325333	-1.05272564	-1.16325333	-0.861213859	0.302039474	0.0253981738	0	8.4	0	0	3
127	29	0	1.64445326	-1.16495879	-1.06051397	-1.16495879	-0.870908994	0.294049797	0.025277545	0	8.5	0	0	3
128	29	0	1.65740171	-1.16706792	-1.06810779	-1.16706792	-0.881235534	0.285832388	0.0251554067	0	8.8	0	0	3
129	29	0	1.67035017	-1.16959965	-1.07550174	-1.16959965	-0.892402445	0.277197203	0.0250323651	0	9	0	0	3
130	30	0	1.68329862	-1.17265358	-1.08268767	-1.17265358	-0.904409418	0.268244163	0.0249090155	0	9.2	0	0	3
131	30	0	1.69624707	-1.17599016	-1.08965128	-1.17599016	-0.91713608	0.258854081	0.024785968	0	9.5	0	0	3
132	30	0	1.70919552	-1.17946379	-1.09637763	-1.17946379	-0.930242504	0.249221286	0.0246636115	0	9.8	0	0	3
133	30	0	1.72214397	-1.1830981	-1.10286111	-1.1830981	-0.942932294	0.24016581	0.0245426761	0	10.2	0	0	3
134	30	0	1.73509242	-1.18673323	-1.10911241	-1.18673323	-0.954875964	0.231857269	0.0244229902	0	10.5	0	0	3
135	31	0	1.74804087	-1.19023855	-1.11514735	-1.19023855	-0.966136654	0.224101899	0.024304609	0	10.8	0	0	3
136	31	0	1.76098932	-1.19350665	-1.12097735	-1.19350665	-0.977751364	0.215755285	0.0241874077	0	11.2	0	0	3
137	31	0	1.77393777	-1.1964502	-1.12658501	-1.1964502	-0.990150509	0.206299694	0.0240712856	0	11.6	0	0	3
138	31	0	1.78688622	-1.19899594	-1.13194002	-1.19899594	-1.00194527	0.197050673	0.023956052	0	12.1	0	0	3
139	32	0	1.79983467	-1.20109177	-1.13704634	-1.20109177	-1.01330797	0.187783796	0.0238414505	0	12.6	0	0	3
140	32	0	1.81278313	-1.20266777	-1.14190172	-1.20266777	-1.02493775	0.177730019	0.023727266	0	13.3	0	0	3
141	32	0	1.82573158	-1.20375546	-1.14648679	-1.20375546	-1.03636157	0.167393889	0.0236132694	0	14.1	0	0	3
142	32	0	1.83868003	-1.20437453	-1.15079482	-1.20437453	-1.04753697	0.15683756	0.023499243	0	14.9	0	0	3
143	32	0	1.85162848	-1.20459895	-1.15482205	-1.20459895	-1.05847844	0.146120508	0.0233851427	0	16	0	0	3
144	33	0	1.86457693	-1.20445131	-1.15856494	-1.20459895	-1.06915598	0.135442965	0.0232705936	0	17.1	0	0	3
145	33	0	1.87752538	-1.20399055	-1.16202224	-1.20459895	-1.07936273	0.125236217	0.0232092669	0	18.5	0	0	3
146	33	0	1.89047383	-1.20325725	-1.16519902	-1.20459895	-1.08897856	0.11562039	0.0232092669	0	20	0	0	3
147	33	0	1.90342228	-1.20229344	-1.16810453	-1.20459895	-1.09864327	0.105955675	0.0232092669	0	21.9	0	0	3
148	34	0	1.91637073	-1.20117499	-1.17073355	-1.20459895	-1.10804286	0.0965560917	0.0232092669	0	24	0	0	3
149	34	0	1.92931918	-1.19991701	-1.1730893	-1.20459895	-1.11707305	0.0875259025	0.0232092669	0	26.5	0	0	3
150	34	0	1.94226763	-1.19856364	-1.1751788	-1.20459895	-1.12381863	0.0807803156	0.0232092669	0	28.7	0	0	3
151	34	0	1.95521609	-1.19718892	-1.17706009	-1.20459895	-1.12834852	0.0762504321	0.0232092669	0	30.4	0	0	3
152	35	0	1.96816454	-1.1959646	-1.17879383	-1.20459895	-1.13247836	0.072120588	0.0232092669	0	32.1	0	0	3
153	35	0	1.98111299	-1.19498317	-1.18039652	-1.20459895	-1.13666383	0.0679351172	0.0232092669	0	34.1	0	0	3
154	35	0	1.99406144	-1.19435475	-1.18187578	-1.20459895	-1.14102842	0.0635705278	0.0232092669	0	36.5	0	0	3
155	35	0	2.00700989	-1.19409689	-1.18323651	-1.20459895	-1.14528792	0.0593110256	0.0232092669	0	39.1	0	0	3
156	35	0	2.01995834	-1.19420094	-1.18449069	-1.20459895	-1.14907358	0.0555253666	0.0232092669	0	41.7	0	0	3
157	36	0	2.03290679	-1.19464375	-1.18565915	-1.20459895	-1.15221728	0.0523816702	0.0232092669	0	44.3	0	0	3
158	36	0	2.04585524	-1.195399	-1.18676638	-1.20459895	-1.15465086	0.0499480841	0.0232092669	0	46.4	0	0	3
159	36	0	2.05880369	-1.19640714	-1.18783705	-1.20459895	-1.15649067	0.0481082727	0.0232092669	0	48.2	0	0	3
160	36	0	2.07175214	-1.19761188	-1.18889144	-1.20459895	-1.15802737	0.0465715796	0.0232092669	0	49.8	0	0	3
161	37	0	2.08470059	-1.19895813	-1.18994095	-1.20459895	-1.15932394	0.0452750114	0.0232092669	0	51.2	0	0	3
162	37	0	2.09764904	-1.2004479	-1.19099541	-1.20459895	-1.16059534	0.0440036035	0.0232092669	0	52.7	0	0	3
163	37	0	2.1105975	-1.20210005	-1.19205963	-1.20459895	-1.16182189	0.0427770597	0.0232092669	0	54.2	0	0	3
164	37	0	2.12354595	-1.20391879	-1.19313904	-1.20459895	-1.16325333	0.0413456154	0.0232092669	0	56.1	0	0	3
165	38	0	2.1364944	-1.20584217	-1.19423106	-1.20584217	-1.16495879	0.0408833803	0.0232092669	0	56.7	0	0	3
166	38	0	2.14944285	-1.2078059	-1.1953297	-1.2078059	-1.16706792	0.0407379786	0.0232092669	0	56.9	0	0	3
167	38	0	2.1623913	-1.2097915	-1.19642518	-1.2097915	-1.16959965	0.0401918519	0.0232092669	0	57.7	0	0	3
168	38	0	2.17533975	-1.21175281	-1.19750603	-1.21175281	-1.17265358	0.0390992263	0.0232092669	0	59.3	0	0	3
169	38	0	2.1882882	-1.21365008	-1.19855722	-1.21365008	-1.17599016	0.0376599222	0.0232092669	0	61.6	0	0	3
170	39	0	2.20123665	-1.21544476	-1.19956888	-1.21544476	-1.17946379	0.0359809731	0.0232092669	0	64.5	0	0	3
171	39	0	2.2141851	-1.21711763	-1.20053436	-1.21711763	-1.1830981	0.0340195277	0.0232092669	0	68.2	0	0	3
172	39	0	2.22713355	-1.21863525	-1.20144557	-1.21863525	-1.18673323	0.0319020138	0.0232092669	0	72.7	0	0	3
173	39	0	2.240082	-1.21997879	-1.20229802	-1.21997879	-1.19023855	0.029740241	0.0232092669	0	78	0	0	3
174	40	0	2.25303046	-1.22116083	-1.2030909	-1.22116083	-1.19350665	0.027654179	0.0232092669	0	83.9	0	0	3
175	40	0	2.26597891	-1.22218486	-1.20382624	-1.22218486	-1.19409689	0.0280879705	0.0232092669	0	82.6	0	0	3
176	40	0	2.27892736	-1.22303573	-1.20450792	-1.22303573	-1.19409689	0.028938843	0.0232092669	0	80.2	0	0	3
177	40	0	2.29187581	-1.2237208	-1.20514189	-1.2237208	-1.19409689	0.0296239105	0.0232092669	0	78.3	0	0	3
178	40	0	2.30482426	-1.22422749	-1.20573511	-1.22422749	-1.19409689	0.0301305934	0.0232092669	0	77	0	0	3
179	41	0	2.31777271	-1.22451672	-1.20629534	-1.22451672	-1.19409689	0.0304198271	0.0232092669	0	76.2	0	0	3
180	41	0	2.33072116	-1.22451148	-1.20682755	-1.22451672	-1.19409689	0.0304198271	0.0232092669	0	76.2	0	0	3
181	41	0	2.34366961	-1.22428882	-1.20733817	-1.22451672	-1.19409689	0.0304198271	0.0232092669	0	76.2	0	0	3
182	41	0	2.35661806	-1.22401131	-1.20783592	-1.22451672	-1.19409689	0.0304198271	0.0232092669	0	76.2	0	0	3
183	42	0	2.36956651	-1.22375074	-1.20833078	-1.22451672	-1.19409689	0.0304198271	0.0232092669	0	76.2	0	0	3
184	42	0	2.38251496	-1.22353258	-1.20883186	-1.22451672	-1.19409689	0.0304198271	0.0232092669	0	76.2	0	0	3
185	42	0	2.39546342	-1.22336173	-1.20934736	-1.22451672	-1.19409689	0.0304198271	0.0232092669	0	76.2	0	0	3
186	42	0	2.40841187	-1.2232374	-1.20988438	-1.22451672	-1.19409689	0.0304198271	0.0232092669	0	76.2	0	0	3
187	42	0	2.42136032	-1.22314572	-1.21044773	-1.22451672	-1.19409689	0.0304198271	0.0232092669	0	76.2	0	0	3
188	43	0	2.43430877	-1.22308951	-1.2110419	-1.22451672	-1.19409689	0.0304198271	0.0232092669	0	76.2	0	0	3
189	43	0	2.44725722	-1.22306609	-1.21167017	-1.22451672	-1.19409689	0.0304198271	0.0232092669	0	76.2	0	0	3
190	43	0	2.46020567	-1.22306772	-1.21233373	-1.22451672	-1.19409689	0.0304198271	0.0232092669	0	76.2	0	0	3
191	43	0	2.47315412	-1.22307749	-1.21302893	-1.22451672	-1.19409689	0.0304198271	0.0232092669	0	76.2	0	0	3
192	44	0	2.48610257	-1.22305087	-1.21374862	-1.22451672	-1.19409689	0.0304198271	0.0232092669	0	76.2	0	0	3
193	44	0	2.49905102	-1.22296133	-1.21448212	-1.22451672	-1.19409689	0.0304198271	0.0232092669	0	76.2	0	0	3
194	44	0	2.51199947	-1.22278751	-1.21521777	-1.22451672	-1.19420094	0.0303157762	0.0232092669	0	76.5	0	0	3
195	44	0	2.52494792	-1.22256137	-1.21594496	-1.22451672	-1.19464375	0.029872965	0.0232092669	0	77.6	0	0	3
196	44	0	2.53789638	-1.2223221	-1.21665467	-1.22451672	-1.195399	0.0291177171	0.0232092669	0	79.7	0	0	3
197	45	0	2.55084483	-1.22214294	-1.21734041	-1.22451672	-1.19640714	0.0281095837	0.0232092669	0	82.5	0	0	3
198	45	0	2.56379328	-1.22201837	-1.21799711	-1.22451672	-1.19761188	0.0269048431	0.0232092669	0	86.2	0	0	3
199	45	0	2.57674173	-1.22195189	-1.21862121	-1.22451672	-1.19895813	0.0255585862	0.0232092669	0	90.8	0	0	3
200	45	0	2.58969018	-1.22192316	-1.21921006	-1.22451672	-1.2004479	0.0240688168	0.0232092669	0	96.4	0	0	3
201	46	0	2.60263863	-1.22192392	-1.21976072	-1.22451672	-1.20210005	0.022416667	0.0232092669	0	100	0	0	3
202	46	0	2.61558708	-1.22193985	-1.22026944	-1.22451672	-1.20391879	0.0205979274	0.0232092669	0	100	0	0	3
203	46	0	2.62853553	-1.22196144	-1.22073207	-1.22451672	-1.20584217	0.0186745472	0.0232092669	0	100	0	0	3
204	47	0	2.64148398	-1.22196667	-1.22114552	-1.22451672	-1.2078059	0.0167108187	0.0232092669	0	100	0	0	3
