Iteration	CPUTime	PhysTime	Travels	Value	AvValue	MinValue	MaxValue	Delta	Criteria	PrevAvRefValue	Progress	CriteriaType	CriteriaVarType	CriteriaPercentage
1	1	0	0.0129484509	0	0	0	0	0	0	0	0	0	0	3
2	1	0	0.0258969018	0	0	0	0	0	0	0	0	0	0	3
3	1	0	0.0388453527	0	0	0	0	0	0	0	0	0	0	3
4	2	0	0.0517938036	0	0	0	0	0	0	0	0	0	0	3
5	2	0	0.0647422545	0	0	0	0	0	0	0	0	0	0	3
6	2	0	0.0776907054	0	0	0	0	0	0	0	0	0	0	3
7	2	0	0.0906391563	0	0	0	0	0	0	0	0	0	0	3
8	3	0	0.103587607	0	0	0	0	0	0	0	0	0	0	3
9	3	0	0.116536058	0	0	0	0	0	0	0	0	0	0	3
10	3	0	0.129484509	0	0	0	0	0	0	0	0	0	0	3
11	3	0	0.14243296	0	0	0	0	0	0	0	0	0	0	3
12	4	0	0.155381411	0	0	0	0	0	0	0	0	0	0	3
13	4	0	0.168329862	0	0	0	0	0	0	0	0	0	0	3
14	4	0	0.181278313	0	0	0	0	0	0	0	0	0	0	3
15	4	0	0.194226763	0	0	0	0	0	0	0	0	0	0	3
16	4	0	0.207175214	0	0	0	0	0	0	0	0	0	0	3
17	5	0	0.220123665	0	0	0	0	0	0	0	0	0	0	3
18	5	0	0.233072116	0	0	0	0	0	0	0	0	0	0	3
19	5	0	0.246020567	0	0	0	0	0	0	0	0	0	0	3
20	5	0	0.258969018	0	0	0	0	0	0	0	0	0	0	3
21	6	0	0.271917469	0	0	0	0	0	0	0	0	0	0	3
22	6	0	0.28486592	0	0	0	0	0	0	0	0	0	0	3
23	6	0	0.297814371	0	0	0	0	0	0	0	0	0	0	3
24	6	0	0.310762821	0	0	0	0	0	0	0	0	0	0	3
25	7	0	0.323711272	0	0	0	0	0	0	0	0	0	0	3
26	7	0	0.336659723	0	0	0	0	0	0	0	0	0	0	3
27	7	0	0.349608174	0	0	0	0	0	0	0	0	0	0	3
28	7	0	0.362556625	0	0	0	0	0	0	0	0	0	0	3
29	8	0	0.375505076	0	0	0	0	0	0	0	0	0	0	3
30	8	0	0.388453527	0	0	0	0	0	0	0	0	0	0	3
31	8	0	0.401401978	0	0	0	0	0	0	0	0	0	0	3
32	8	0	0.414350429	0	0	0	0	0	0	0	0	0	0	3
33	8	0	0.42729888	0	0	0	0	0	0	0	0	0	0	3
34	9	0	0.44024733	0	0	0	0	0	0	0	0	0	0	3
35	9	0	0.453195781	0	0	0	0	0	0	0	0	0	0	3
36	9	0	0.466144232	0	0	0	0	0	0	0	0	0	0	3
37	9	0	0.479092683	0	0	0	0	0	0	0	0	0	0	3
38	10	0	0.492041134	0	0	0	0	0	0	0	0	0	0	3
39	10	0	0.504989585	0	0	0	0	0	0	0	0	0	0	3
40	10	0	0.517938036	0	0	0	0	0	0	0	0	0	0	3
41	10	0	0.530886487	0	0	0	0	0	0	0	0	0	0	3
42	10	0	0.543834938	0	0	0	0	0	0	0	0	0	0	3
43	11	0	0.556783388	0	0	0	0	0	0	0	0	0	0	3
44	11	0	0.569731839	0	0	0	0	0	0	0	0	0	0	3
45	11	0	0.58268029	0	0	0	0	0	0	0	0	0	0	3
46	11	0	0.595628741	0	0	0	0	0	0	0	0	0	0	3
47	12	0	0.608577192	0	0	0	0	0	0	0	0	0	0	3
48	12	0	0.621525643	0	0	0	0	0	0	0	0	0	0	3
49	12	0	0.634474094	0	0	0	0	0	0	0	0	0	0	3
50	12	0	0.647422545	0	0	0	0	0	0	0	0	0	0	3
51	12	0	0.660370996	0	0	0	0	0	0	0	0	0	0	3
52	13	0	0.673319447	0	0	0	0	0	0	0	0	0	0	3
53	13	0	0.686267897	0	0	0	0	0	0	0	0	0	0	3
54	13	0	0.699216348	0	0	0	0	0	0	0	0	0	0	3
55	13	0	0.712164799	0	0	0	0	0	0	0	0	0	0	3
56	13	0	0.72511325	0	0	0	0	0	0	0	0	0	0	3
57	14	0	0.738061701	0	0	0	0	0	0	0	0	0	0	3
58	14	0	0.751010152	0	0	0	0	0	0	0	0	0	0	3
59	14	0	0.763958603	0	0	0	0	0	0	0	0	0	0	3
60	14	0	0.776907054	0	0	0	0	0	0	0	0	0	0	3
61	14	0	0.789855505	0	0	0	0	0	0	0	0	0	0	3
62	15	0	0.802803955	0	0	0	0	0	0	0	0	0	0	3
63	15	0	0.815752406	0	0	0	0	0	0	0	0	0	0	3
64	15	0	0.828700857	0	0	0	0	0	0	0	0	0	0	3
65	15	0	0.841649308	0	0	0	0	0	0	0	0	0	0	3
66	16	0	0.854597759	0	0	0	0	0	0	0	0	0	0	3
67	16	0	0.86754621	0	0	0	0	0	0	0	0	0	0	3
68	16	0	0.880494661	0	0	0	0	0	0	0	0	0	0	3
69	16	0	0.893443112	0	0	0	0	0	0	0	0	0	0	3
70	16	0	0.906391563	0	0	0	0	0	0	0	0	0	0	3
71	17	0	0.919340014	0	0	0	0	0	0	0	0	0	0	3
72	17	0	0.932288464	0	0	0	0	0	0	0	0	0	0	3
73	17	0	0.945236915	0	0	0	0	0	0	0	0	0	0	3
74	17	0	0.958185366	0	0	0	0	0	0	0	0	0	0	3
75	17	0	0.971133817	0	0	0	0	0	0	0	0	0	0	3
76	18	0	0.984082268	0	0	0	0	0	0	0	0	0	0	3
77	18	0	0.997030719	0	0	0	0	0	0	0	0	0	0	3
78	18	0	1.00997917	0	0	0	0	0	1e-08	0	0	0	0	3
79	18	0	1.02292762	0	0	0	0	0	1e-08	0	0	0	0	3
80	19	0	1.03587607	0	0	0	0	0	1e-08	0	0	0	0	3
81	19	0	1.04882452	0	0	0	0	0	1e-08	0	0	0	0	3
82	19	0	1.06177297	0	0	0	0	0	1e-08	0	0	0	0	3
83	19	0	1.07472142	0	0	0	0	0	1e-08	0	0	0	0	3
84	19	0	1.08766988	0	0	0	0	0	1e-08	0	0	0	0	3
85	20	0	1.10061833	0	0	0	0	0	1e-08	0	0	0	0	3
86	20	0	1.11356678	0	0	0	0	0	1e-08	0	0	0	0	3
87	20	0	1.12651523	0	0	0	0	0	1e-08	0	0	0	0	3
88	20	0	1.13946368	0	0	0	0	0	1e-08	0	0	0	0	3
89	20	0	1.15241213	0	0	0	0	0	1e-08	0	0	0	0	3
90	21	0	1.16536058	0	0	0	0	0	1e-08	0	0	0	0	3
91	21	0	1.17830903	0	0	0	0	0	1e-08	0	0	0	0	3
92	21	0	1.19125748	0	0	0	0	0	1e-08	0	0	0	0	3
93	21	0	1.20420593	0	0	0	0	0	1e-08	0	0	0	0	3
94	22	0	1.21715438	0	0	0	0	0	1e-08	0	0	0	0	3
95	22	0	1.23010284	0	0	0	0	0	1e-08	0	0	0	0	3
96	22	0	1.24305129	0	0	0	0	0	1e-08	0	0	0	0	3
97	22	0	1.25599974	0	0	0	0	0	1e-08	0	0	0	0	3
98	22	0	1.26894819	0	0	0	0	0	1e-08	0	0	0	0	3
99	23	0	1.28189664	0	0	0	0	0	1e-08	0	0	0	0	3
100	23	0	1.29484509	0	0	0	0	0	1e-08	0	0	0	0	3
101	23	0	1.30779354	0	0	0	0	0	1e-08	0	0	0	0	3
102	24	0	1.32074199	0	0	0	0	0	1e-08	0	0	0	0	3
103	24	0	1.33369044	0	0	0	0	0	1e-08	0	0	0	0	3
104	24	0	1.34663889	0	0	0	0	0	1e-08	0	0	0	0	3
105	24	0	1.35958734	0	0	0	0	0	1e-08	0	0	0	0	3
106	25	0	1.37253579	0	0	0	0	0	1e-08	0	0	0	0	3
107	25	0	1.38548425	0	0	0	0	0	1e-08	0	0	0	0	3
108	25	0	1.3984327	0	0	0	0	0	1e-08	0	0	0	0	3
109	25	0	1.41138115	0	0	0	0	0	1e-08	0	0	0	0	3
110	25	0	1.4243296	0	0	0	0	0	1e-08	0	0	0	0	3
111	26	0	1.43727805	0	0	0	0	0	1e-08	0	0	0	0	3
112	26	0	1.4502265	0	0	0	0	0	1e-08	0	0	0	0	3
113	26	0	1.46317495	0	0	0	0	0	1e-08	0	0	0	0	3
114	26	0	1.4761234	0	0	0	0	0	1e-08	0	0	0	0	3
115	26	0	1.48907185	0	0	0	0	0	1e-08	0	0	0	0	3
116	27	0	1.5020203	0	0	0	0	0	1e-08	0	0	0	0	3
117	27	0	1.51496875	0	0	0	0	0	1e-08	0	0	0	0	3
118	27	0	1.52791721	0	0	0	0	0	1e-08	0	0	0	0	3
119	27	0	1.54086566	0	0	0	0	0	1e-08	0	0	0	0	3
120	27	0	1.55381411	0	0	0	0	0	1e-08	0	0	0	0	3
121	28	0	1.56676256	0	0	0	0	0	1e-08	0	0	0	0	3
122	28	0	1.57971101	0	0	0	0	0	1e-08	0	0	0	0	3
123	28	0	1.59265946	0	0	0	0	0	1e-08	0	0	0	0	3
124	28	0	1.60560791	0	0	0	0	0	1e-08	0	0	0	0	3
125	29	0	1.61855636	0	0	0	0	0	1e-08	0	0	0	0	3
126	29	0	1.63150481	0	0	0	0	0	1e-08	0	0	0	0	3
127	29	0	1.64445326	0	0	0	0	0	1e-08	0	0	0	0	3
128	29	0	1.65740171	0	0	0	0	0	1e-08	0	0	0	0	3
129	29	0	1.67035017	0	0	0	0	0	1e-08	0	0	0	0	3
130	30	0	1.68329862	0	0	0	0	0	1e-08	0	0	0	0	3
131	30	0	1.69624707	0	0	0	0	0	1e-08	0	0	0	0	3
132	30	0	1.70919552	0	0	0	0	0	1e-08	0	0	0	0	3
133	30	0	1.72214397	0	0	0	0	0	1e-08	0	0	0	0	3
134	30	0	1.73509242	0	0	0	0	0	1e-08	0	0	0	0	3
135	31	0	1.74804087	0	0	0	0	0	1e-08	0	0	0	0	3
136	31	0	1.76098932	0	0	0	0	0	1e-08	0	0	0	0	3
137	31	0	1.77393777	0	0	0	0	0	1e-08	0	0	0	0	3
138	31	0	1.78688622	0	0	0	0	0	1e-08	0	0	0	0	3
139	32	0	1.79983467	0	0	0	0	0	1e-08	0	0	0	0	3
140	32	0	1.81278313	0	0	0	0	0	1e-08	0	0	0	0	3
141	32	0	1.82573158	0	0	0	0	0	1e-08	0	0	0	0	3
142	32	0	1.83868003	0	0	0	0	0	1e-08	0	0	0	0	3
143	32	0	1.85162848	0	0	0	0	0	1e-08	0	0	0	0	3
144	33	0	1.86457693	0	0	0	0	0	1e-08	0	0	0	0	3
145	33	0	1.87752538	0	0	0	0	0	1e-08	0	0	0	0	3
146	33	0	1.89047383	0	0	0	0	0	1e-08	0	0	0	0	3
147	33	0	1.90342228	0	0	0	0	0	1e-08	0	0	0	0	3
148	34	0	1.91637073	0	0	0	0	0	1e-08	0	0	0	0	3
149	34	0	1.92931918	0	0	0	0	0	1e-08	0	0	0	0	3
150	34	0	1.94226763	0	0	0	0	0	1e-08	0	0	0	0	3
151	34	0	1.95521609	0	0	0	0	0	1e-08	0	0	0	0	3
152	35	0	1.96816454	0	0	0	0	0	1e-08	0	0	0	0	3
153	35	0	1.98111299	0	0	0	0	0	1e-08	0	0	0	0	3
154	35	0	1.99406144	0	0	0	0	0	1e-08	0	0	0	0	3
155	35	0	2.00700989	0	0	0	0	0	1e-08	0	0	0	0	3
156	35	0	2.01995834	0	0	0	0	0	1e-08	0	0	0	0	3
157	36	0	2.03290679	0	0	0	0	0	1e-08	0	0	0	0	3
158	36	0	2.04585524	0	0	0	0	0	1e-08	0	0	0	0	3
159	36	0	2.05880369	0	0	0	0	0	1e-08	0	0	0	0	3
160	36	0	2.07175214	0	0	0	0	0	1e-08	0	0	0	0	3
161	37	0	2.08470059	0	0	0	0	0	1e-08	0	0	0	0	3
162	37	0	2.09764904	0	0	0	0	0	1e-08	0	0	0	0	3
163	37	0	2.1105975	0	0	0	0	0	1e-08	0	0	0	0	3
164	37	0	2.12354595	0	0	0	0	0	1e-08	0	0	0	0	3
165	38	0	2.1364944	0	0	0	0	0	1e-08	0	0	0	0	3
166	38	0	2.14944285	0	0	0	0	0	1e-08	0	0	0	0	3
167	38	0	2.1623913	0	0	0	0	0	1e-08	0	0	0	0	3
168	38	0	2.17533975	0	0	0	0	0	1e-08	0	0	0	0	3
169	38	0	2.1882882	0	0	0	0	0	1e-08	0	0	0	0	3
170	39	0	2.20123665	0	0	0	0	0	1e-08	0	0	0	0	3
171	39	0	2.2141851	0	0	0	0	0	1e-08	0	0	0	0	3
172	39	0	2.22713355	0	0	0	0	0	1e-08	0	0	0	0	3
173	39	0	2.240082	0	0	0	0	0	1e-08	0	0	0	0	3
174	40	0	2.25303046	0	0	0	0	0	1e-08	0	0	0	0	3
175	40	0	2.26597891	0	0	0	0	0	1e-08	0	0	0	0	3
176	40	0	2.27892736	0	0	0	0	0	1e-08	0	0	0	0	3
177	40	0	2.29187581	0	0	0	0	0	1e-08	0	0	0	0	3
178	40	0	2.30482426	0	0	0	0	0	1e-08	0	0	0	0	3
179	41	0	2.31777271	0	0	0	0	0	1e-08	0	0	0	0	3
180	41	0	2.33072116	0	0	0	0	0	1e-08	0	0	0	0	3
181	41	0	2.34366961	0	0	0	0	0	1e-08	0	0	0	0	3
182	41	0	2.35661806	0	0	0	0	0	1e-08	0	0	0	0	3
183	42	0	2.36956651	0	0	0	0	0	1e-08	0	0	0	0	3
184	42	0	2.38251496	0	0	0	0	0	1e-08	0	0	0	0	3
185	42	0	2.39546342	0	0	0	0	0	1e-08	0	0	0	0	3
186	42	0	2.40841187	0	0	0	0	0	1e-08	0	0	0	0	3
187	42	0	2.42136032	0	0	0	0	0	1e-08	0	0	0	0	3
188	43	0	2.43430877	0	0	0	0	0	1e-08	0	0	0	0	3
189	43	0	2.44725722	0	0	0	0	0	1e-08	0	0	0	0	3
190	43	0	2.46020567	0	0	0	0	0	1e-08	0	0	0	0	3
191	43	0	2.47315412	0	0	0	0	0	1e-08	0	0	0	0	3
192	44	0	2.48610257	0	0	0	0	0	1e-08	0	0	0	0	3
193	44	0	2.49905102	0	0	0	0	0	1e-08	0	0	0	0	3
194	44	0	2.51199947	0	0	0	0	0	1e-08	0	0	0	0	3
195	44	0	2.52494792	0	0	0	0	0	1e-08	0	0	0	0	3
196	44	0	2.53789638	0	0	0	0	0	1e-08	0	0	0	0	3
197	45	0	2.55084483	0	0	0	0	0	1e-08	0	0	0	0	3
198	45	0	2.56379328	0	0	0	0	0	1e-08	0	0	0	0	3
199	45	0	2.57674173	0	0	0	0	0	1e-08	0	0	0	0	3
200	45	0	2.58969018	0	0	0	0	0	1e-08	0	0	0	0	3
201	46	0	2.60263863	0	0	0	0	0	1e-08	0	0	0	0	3
202	46	0	2.61558708	0	0	0	0	0	1e-08	0	0	0	0	3
203	46	0	2.62853553	0	0	0	0	0	1e-08	0	0	0	0	3
204	47	0	2.64148398	0	0	0	0	0	1e-08	0	0	0	0	3
