Iteration	CPUTime	PhysTime	Travels	Value	AvValue	MinValue	MaxValue	Delta	Criteria	PrevAvRefValue	Progress	CriteriaType	CriteriaVarType	CriteriaPercentage
1	1	0	0.0129484509	101509.526	101509.526	101509.526	101509.526	0	0	0	0	0	0	3
2	1	0	0.0258969018	102787.016	102148.271	101509.526	102787.016	638.7451	0	0	0	0	0	3
3	1	0	0.0388453527	98183.4972	100826.68	98183.4972	102787.016	1321.59123	0	0	0	0	0	3
4	2	0	0.0517938036	94148.064	99157.0258	94148.064	102787.016	2991.24514	0	0	0	0	0	3
5	2	0	0.0647422545	95483.4951	98422.3196	94148.064	102787.016	3725.95127	0	0	0	0	0	3
6	2	0	0.0776907054	93846.5908	97659.6981	93846.5908	102787.016	4488.57275	0	0	0	0	0	3
7	2	0	0.0906391563	96248.3762	97458.0807	93846.5908	102787.016	4690.19017	0	0	0	0	0	3
8	3	0	0.103587607	94666.7834	97109.1686	93846.5908	102787.016	5039.10234	0	0	0	0	0	3
9	3	0	0.116536058	98377.2434	97250.0658	93846.5908	102787.016	5039.10234	0	0	0	0	0	3
10	3	0	0.129484509	97687.8171	97293.8409	93846.5908	102787.016	5039.10234	0	0	0	0	0	3
11	3	0	0.14243296	100126.149	97551.3234	93846.5908	102787.016	5039.10234	0	0	0	0	0	3
12	4	0	0.155381411	98797.5028	97655.1717	93846.5908	102787.016	5039.10234	0	0	0	0	0	3
13	4	0	0.168329862	100419.936	97867.8459	93846.5908	102787.016	5039.10234	0	0	0	0	0	3
14	4	0	0.181278313	100661.804	98067.4143	93846.5908	102787.016	5039.10234	0	0	0	0	0	3
15	4	0	0.194226763	100728.915	98244.8477	93846.5908	102787.016	5039.10234	0	0	0	0	0	3
16	4	0	0.207175214	100820.031	98405.7967	93846.5908	102787.016	5039.10234	0	0	0	0	0	3
17	5	0	0.220123665	100870.812	98550.7976	93846.5908	102787.016	5039.10234	0	0	0	0	0	3
18	5	0	0.233072116	101004.133	98687.094	93846.5908	102787.016	5039.10234	0	0	0	0	0	3
19	5	0	0.246020567	101058.936	98811.9278	93846.5908	102787.016	5039.10234	0	0	0	0	0	3
20	5	0	0.258969018	101116.438	98927.1533	93846.5908	102787.016	5039.10234	0	0	0	0	0	3
21	6	0	0.271917469	101151.949	99033.0959	93846.5908	102787.016	5039.10234	0	0	0	0	0	3
22	6	0	0.28486592	101195.21	99131.3738	93846.5908	102787.016	5039.10234	0	0	0	0	0	3
23	6	0	0.297814371	101248.324	99223.4151	93846.5908	102787.016	5039.10234	0	0	0	0	0	3
24	6	0	0.310762821	101294.392	99309.7058	93846.5908	102787.016	5039.10234	0	0	0	0	0	3
25	7	0	0.323711272	101347.003	99391.1977	93846.5908	102787.016	5039.10234	0	0	0	0	0	3
26	7	0	0.336659723	101368.768	99467.2581	93846.5908	102787.016	5039.10234	0	0	0	0	0	3
27	7	0	0.349608174	101391.742	99538.5353	93846.5908	102787.016	5039.10234	0	0	0	0	0	3
28	7	0	0.362556625	101407.684	99605.2906	93846.5908	102787.016	5039.10234	0	0	0	0	0	3
29	8	0	0.375505076	101388.155	99666.7687	93846.5908	102787.016	5039.10234	0	0	0	0	0	3
30	8	0	0.388453527	101374.548	99723.6947	93846.5908	102787.016	5039.10234	0	0	0	0	0	3
31	8	0	0.401401978	101332.409	99775.5887	93846.5908	102787.016	5039.10234	0	0	0	0	0	3
32	8	0	0.414350429	101310.52	99823.5553	93846.5908	102787.016	5039.10234	0	0	0	0	0	3
33	8	0	0.42729888	101299.595	99868.2838	93846.5908	102787.016	5039.10234	0	0	0	0	0	3
34	9	0	0.44024733	101298.505	99910.3491	93846.5908	102787.016	5039.10234	0	0	0	0	0	3
35	9	0	0.453195781	101305.394	99950.2075	93846.5908	102787.016	5039.10234	0	0	0	0	0	3
36	9	0	0.466144232	101308.036	99987.925	93846.5908	102787.016	5039.10234	0	0	0	0	0	3
37	9	0	0.479092683	101312.227	100023.717	93846.5908	102787.016	5039.10234	0	0	0	0	0	3
38	10	0	0.492041134	101323.901	100057.932	93846.5908	102787.016	5039.10234	0	0	0	0	0	3
39	10	0	0.504989585	101327.695	100090.49	93846.5908	102787.016	5039.10234	0	0	0	0	0	3
40	10	0	0.517938036	101330.403	100085.897	93846.5908	102787.016	5039.10234	0	0	0	0	0	3
41	10	0	0.530886487	101326.722	100048.454	93846.5908	101407.684	3717.51111	0	0	0	0	0	3
42	10	0	0.543834938	101320.151	100128.881	93846.5908	101407.684	3019.71244	0	0	0	0	0	3
43	11	0	0.556783388	101316.192	100312.679	93846.5908	101407.684	3203.51058	0	0	0	0	0	3
44	11	0	0.569731839	101312.453	100462.14	93846.5908	101407.684	3352.97105	0	0	0	0	0	3
45	11	0	0.58268029	101317.312	100653.697	94666.7834	101407.684	3544.52801	0	0	0	0	0	3
46	11	0	0.595628741	101316.012	100783.636	94666.7834	101407.684	3674.46739	0	0	0	0	0	3
47	12	0	0.608577192	101319.261	100954.212	97687.8171	101407.684	3704.14653	0	0	0	0	0	3
48	12	0	0.621525643	101318.637	101029.633	97687.8171	101407.684	3719.86684	0	0	0	0	0	3
49	12	0	0.634474094	101317.486	101122.701	98797.5028	101407.684	2610.18106	0	0	0	0	0	3
50	12	0	0.647422545	101317.905	101153.259	98797.5028	101407.684	2610.18106	0	0	0	0	0	3
51	12	0	0.660370996	101317.973	101217.886	100419.936	101407.684	987.747472	0	0	0	0	0	3
52	13	0	0.673319447	101318.385	101240.924	100661.804	101407.684	745.880347	0	0	0	0	0	3
53	13	0	0.686267897	101317.9	101257.747	100728.915	101407.684	678.76845	0	0	0	0	0	3
54	13	0	0.699216348	101317.546	101272.84	100820.031	101407.684	587.652745	0	0	0	0	0	3
55	13	0	0.712164799	101316.533	101285.57	100870.812	101407.684	536.872236	0	0	0	0	0	3
56	13	0	0.72511325	101314.406	101296.945	101004.133	101407.684	403.550749	0	0	0	0	0	3
57	14	0	0.738061701	101316.548	101304.955	101058.936	101407.684	348.747604	0	0	0	0	0	3
58	14	0	0.751010152	101315.381	101311.531	101116.438	101407.684	291.246347	0	0	0	0	0	3
59	14	0	0.763958603	101315.746	101316.641	101151.949	101407.684	255.735185	0	0	0	0	0	3
60	14	0	0.776907054	101315.649	101320.839	101195.21	101407.684	212.474235	0	0	0	0	0	3
61	14	0	0.789855505	101315.435	101323.921	101248.324	101407.684	159.360385	0	0	0	0	0	3
62	15	0	0.802803955	101315.52	101325.644	101294.392	101407.684	113.291825	0	0	0	0	0	3
63	15	0	0.815752406	101315.002	101326.173	101298.505	101407.684	109.179207	0	0	0	0	0	3
64	15	0	0.828700857	101314.637	101325.343	101298.505	101407.684	109.179207	0	0	0	0	0	3
65	15	0	0.841649308	101314.437	101323.95	101298.505	101407.684	109.179207	0	0	0	0	0	3
66	16	0	0.854597759	101313.94	101321.955	101298.505	101407.684	109.179207	0	0	0	0	0	3
67	16	0	0.86754621	101313.562	101319.542	101298.505	101388.155	89.6501211	0	0	0	0	0	3
68	16	0	0.880494661	101314.649	101317.657	101298.505	101374.548	76.0430514	0	0	0	0	0	3
69	16	0	0.893443112	101314.171	101316.109	101298.505	101332.409	33.9042288	0	0	0	0	0	3
70	16	0	0.906391563	101313.289	101315.618	101298.505	101330.403	31.8982879	0	0	0	0	0	3
71	17	0	0.919340014	101311.677	101315.648	101298.505	101330.403	31.8982879	0	0	0	0	0	3
72	17	0	0.932288464	101314.171	101316.022	101298.505	101330.403	31.8982879	0	0	0	0	0	3
73	17	0	0.945236915	101311.5	101316.355	101305.394	101330.403	25.0087641	0	0	0	0	0	3
74	17	0	0.958185366	101313.148	101316.554	101308.036	101330.403	22.3670369	0	0	0	0	0	3
75	17	0	0.971133817	101313.164	101316.685	101311.5	101330.403	18.9028265	0	0	0	0	0	3
76	18	0	0.984082268	101312.121	101316.683	101311.5	101330.403	18.9028265	0	0	0	0	0	3
77	18	0	0.997030719	101312.271	101316.384	101311.5	101330.403	18.9028265	0	0	0	0	0	3
78	18	0	1.00997917	101311.587	101315.971	101311.5	101330.403	18.9028265	226.832795	0	0	0	0	3
79	18	0	1.02292762	101312.675	101315.517	101311.5	101326.722	15.2216297	226.832795	0	0	0	0	3
80	19	0	1.03587607	101312.895	101315.162	101311.5	101320.151	8.65099839	226.832795	0	0	0	0	3
81	19	0	1.04882452	101311.415	101314.938	101311.415	101319.261	7.84551765	226.832795	0	0	0	0	3
82	19	0	1.06177297	101311.758	101314.825	101311.415	101319.261	7.84551765	226.832795	0	0	0	0	3
83	19	0	1.07472142	101311.977	101314.812	101311.415	101319.261	7.84551765	226.832795	0	0	0	0	3
84	19	0	1.08766988	101311.572	101314.665	101311.415	101319.261	7.84551765	226.832795	0	0	0	0	3
85	20	0	1.10061833	101312.325	101314.571	101311.415	101319.261	7.84551765	226.832795	0	0	0	0	3
86	20	0	1.11356678	101312.249	101314.391	101311.415	101318.637	7.22210354	226.832795	0	0	0	0	3
87	20	0	1.12651523	101312.186	101314.225	101311.415	101318.385	6.97023402	226.832795	0	0	0	0	3
88	20	0	1.13946368	101309.431	101314.019	101309.431	101318.385	8.9545557	226.832795	0	0	0	0	3
89	20	0	1.15241213	101309.285	101313.798	101309.285	101318.385	9.10074763	226.832795	0	0	0	0	3
90	21	0	1.16536058	101310.281	101313.601	101309.285	101318.385	9.10074763	226.832795	0	0	0	0	3
91	21	0	1.17830903	101311.834	101313.433	101309.285	101317.9	8.61522912	226.832795	0	0	0	0	3
92	21	0	1.19125748	101314.831	101313.354	101309.285	101317.546	8.26161935	226.832795	0	0	0	0	3
93	21	0	1.20420593	101315.93	101313.313	101309.285	101316.548	7.26296035	226.832795	0	0	0	0	3
94	22	0	1.21715438	101316.943	101313.323	101309.285	101316.943	7.65815572	226.832795	0	0	0	0	3
95	22	0	1.23010284	101315.612	101313.354	101309.285	101316.943	7.65815572	226.832795	0	0	0	0	3
96	22	0	1.24305129	101314.541	101313.302	101309.285	101316.943	7.65815572	226.832795	0	0	0	0	3
97	22	0	1.25599974	101310.728	101313.183	101309.285	101316.943	7.65815572	226.832795	0	0	0	0	3
98	22	0	1.26894819	101311.947	101313.086	101309.285	101316.943	7.65815572	226.832795	0	0	0	0	3
99	23	0	1.28189664	101315.906	101313.092	101309.285	101316.943	7.65815572	226.832795	0	0	0	0	3
100	23	0	1.29484509	101313.91	101313.053	101309.285	101316.943	7.65815572	226.832795	0	0	0	0	3
101	23	0	1.30779354	101312.167	101312.967	101309.285	101316.943	7.65815572	226.832795	0	0	0	0	3
102	24	0	1.32074199	101315.157	101312.971	101309.285	101316.943	7.65815572	226.832795	0	0	0	0	3
103	24	0	1.33369044	101314.059	101312.956	101309.285	101316.943	7.65815572	226.832795	0	0	0	0	3
104	24	0	1.34663889	101315.397	101312.981	101309.285	101316.943	7.65815572	226.832795	0	0	0	0	3
105	24	0	1.35958734	101315.508	101313.021	101309.285	101316.943	6.5851292	226.832795	0	0	0	0	3
106	25	0	1.37253579	101317.05	101313.111	101309.285	101317.05	4.70037498	226.832795	0	0	0	0	3
107	25	0	1.38548425	101316.259	101313.152	101309.285	101317.05	3.72890305	226.832795	0	0	0	0	3
108	25	0	1.3984327	101316.99	101313.224	101309.285	101317.05	3.72890305	226.832795	0	0	0	0	3
109	25	0	1.41138115	101320.376	101313.406	101309.285	101320.376	3.72890305	226.832795	0	0	0	0	3
110	25	0	1.4243296	101320.767	101313.639	101309.285	101320.767	3.72890305	226.832795	0	0	0	0	3
111	26	0	1.43727805	101322.794	101313.86	101309.285	101322.794	3.72890305	226.832795	0	0	0	0	3
112	26	0	1.4502265	101315.971	101313.975	101309.285	101322.794	3.72890305	226.832795	0	0	0	0	3
113	26	0	1.46317495	101315.12	101314.025	101309.285	101322.794	3.72890305	226.832795	0	0	0	0	3
114	26	0	1.4761234	101316.692	101314.116	101309.285	101322.794	3.72617104	226.832795	0	0	0	0	3
115	26	0	1.48907185	101318.352	101314.276	101309.285	101322.794	3.42797518	226.832795	0	0	0	0	3
116	27	0	1.5020203	101320.199	101314.479	101309.285	101322.794	3.01495177	226.832795	0	0	0	0	3
117	27	0	1.51496875	101320.504	101314.707	101309.285	101322.794	2.56039104	226.832795	0	0	0	0	3
118	27	0	1.52791721	101320.201	101314.9	101309.285	101322.794	2.20586936	226.832795	0	0	0	0	3
119	27	0	1.54086566	101319.147	101315.061	101309.285	101322.794	2.10433894	226.832795	0	0	0	0	3
120	27	0	1.55381411	101317.963	101315.229	101309.285	101322.794	2.27222404	226.832795	0	0	0	0	3
121	28	0	1.56676256	101316.869	101315.36	101309.285	101322.794	2.40326925	226.832795	0	0	0	0	3
122	28	0	1.57971101	101316.499	101315.476	101309.285	101322.794	2.51921169	226.832795	0	0	0	0	3
123	28	0	1.59265946	101316.273	101315.596	101309.285	101322.794	2.63975781	226.832795	0	0	0	0	3
124	28	0	1.60560791	101316.059	101315.692	101309.285	101322.794	2.73550885	226.832795	0	0	0	0	3
125	29	0	1.61855636	101315.22	101315.768	101309.285	101322.794	2.81168583	226.832795	0	0	0	0	3
126	29	0	1.63150481	101314.887	101315.837	101309.285	101322.794	2.88094089	226.832795	0	0	0	0	3
127	29	0	1.64445326	101314.629	101315.971	101309.285	101322.794	3.01422729	226.832795	0	0	0	0	3
128	29	0	1.65740171	101314.907	101316.115	101310.281	101322.794	3.15838316	226.832795	0	0	0	0	3
129	29	0	1.67035017	101315.28	101316.243	101310.728	101322.794	3.28654385	226.832795	0	0	0	0	3
130	30	0	1.68329862	101316.066	101316.351	101310.728	101322.794	3.39507113	226.832795	0	0	0	0	3
131	30	0	1.69624707	101316.503	101316.394	101310.728	101322.794	3.43794	226.832795	0	0	0	0	3
132	30	0	1.70919552	101316.987	101316.421	101310.728	101322.794	3.46505364	226.832795	0	0	0	0	3
133	30	0	1.72214397	101317.636	101316.439	101310.728	101322.794	3.48284011	226.832795	0	0	0	0	3
134	30	0	1.73509242	101318.137	101316.504	101310.728	101322.794	3.54760145	226.832795	0	0	0	0	3
135	31	0	1.74804087	101318.565	101316.607	101310.728	101322.794	3.65078228	226.832795	0	0	0	0	3
136	31	0	1.76098932	101318.836	101316.815	101311.947	101322.794	3.85867937	226.832795	0	0	0	0	3
137	31	0	1.77393777	101319.018	101316.996	101312.167	101322.794	4.0399882	226.832795	0	0	0	0	3
138	31	0	1.78688622	101319.254	101317.082	101312.167	101322.794	4.12583368	226.832795	0	0	0	0	3
139	32	0	1.79983467	101319.167	101317.217	101312.167	101322.794	4.26061682	226.832795	0	0	0	0	3
140	32	0	1.81278313	101318.935	101317.391	101314.059	101322.794	4.43414695	226.832795	0	0	0	0	3
141	32	0	1.82573158	101318.653	101317.48	101314.059	101322.794	4.52380719	226.832795	0	0	0	0	3
142	32	0	1.83868003	101318.424	101317.592	101314.629	101322.794	4.61111822	226.832795	0	0	0	0	3
143	32	0	1.85162848	101318.341	101317.668	101314.629	101322.794	4.64638977	226.832795	0	0	0	0	3
144	33	0	1.86457693	101318.168	101317.736	101314.629	101322.794	4.62516686	226.832795	0	0	0	0	3
145	33	0	1.87752538	101318.098	101317.763	101314.629	101322.794	4.61075915	226.832795	0	0	0	0	3
146	33	0	1.89047383	101317.747	101317.801	101314.629	101322.794	4.57660083	226.832795	0	0	0	0	3
147	33	0	1.90342228	101317.549	101317.815	101314.629	101322.794	4.40922014	226.832795	0	0	0	0	3
148	34	0	1.91637073	101317.559	101317.743	101314.629	101322.794	4.17615302	226.832795	0	0	0	0	3
149	34	0	1.92931918	101317.644	101317.663	101314.629	101322.794	3.95504066	226.832795	0	0	0	0	3
150	34	0	1.94226763	101317.086	101317.516	101314.629	101320.504	3.84041612	226.832795	0	0	0	0	3
151	34	0	1.95521609	101316.37	101317.527	101314.629	101320.504	3.78986529	226.832795	0	0	0	0	3
152	35	0	1.96816454	101316.146	101317.553	101314.629	101320.504	3.69939879	226.832795	0	0	0	0	3
153	35	0	1.98111299	101316.041	101317.536	101314.629	101320.504	3.5396255	226.832795	0	0	0	0	3
154	35	0	1.99406144	101316.163	101317.48	101314.629	101320.504	3.33632914	226.832795	0	0	0	0	3
155	35	0	2.00700989	101316.407	101317.383	101314.629	101320.504	3.10768495	226.832795	0	0	0	0	3
156	35	0	2.01995834	101316.664	101317.285	101314.629	101320.201	2.91471112	226.832795	0	0	0	0	3
157	36	0	2.03290679	101316.933	101317.201	101314.629	101319.254	2.754415	226.832795	0	0	0	0	3
158	36	0	2.04585524	101317.244	101317.152	101314.629	101319.254	2.5865299	226.832795	0	0	0	0	3
159	36	0	2.05880369	101317.56	101317.142	101314.629	101319.254	2.45548469	226.832795	0	0	0	0	3
160	36	0	2.07175214	101317.9	101317.168	101314.629	101319.254	2.33954225	226.832795	0	0	0	0	3
161	37	0	2.08470059	101317.616	101317.197	101314.629	101319.254	2.21899613	226.832795	0	0	0	0	3
162	37	0	2.09764904	101317.597	101317.231	101314.629	101319.254	2.12324509	226.832795	0	0	0	0	3
163	37	0	2.1105975	101317.855	101317.277	101314.629	101319.254	2.0470681	226.832795	0	0	0	0	3
164	37	0	2.12354595	101318.153	101317.352	101314.629	101319.254	1.97781305	226.832795	0	0	0	0	3
165	38	0	2.1364944	101318.38	101317.441	101314.629	101319.254	1.84452665	226.832795	0	0	0	0	3
166	38	0	2.14944285	101318.517	101317.541	101314.907	101319.254	1.70037077	226.832795	0	0	0	0	3
167	38	0	2.1623913	101318.739	101317.639	101315.28	101319.254	1.57221009	226.832795	0	0	0	0	3
168	38	0	2.17533975	101318.89	101317.732	101316.041	101319.254	1.46368281	226.832795	0	0	0	0	3
169	38	0	2.1882882	101319.035	101317.808	101316.041	101319.254	1.42081394	226.832795	0	0	0	0	3
170	39	0	2.20123665	101319.211	101317.878	101316.041	101319.254	1.45614661	226.832795	0	0	0	0	3
171	39	0	2.2141851	101319.203	101317.934	101316.041	101319.254	1.49516765	226.832795	0	0	0	0	3
172	39	0	2.22713355	101319.179	101317.974	101316.041	101319.254	1.46997066	226.832795	0	0	0	0	3
173	39	0	2.240082	101319.272	101318.003	101316.041	101319.272	1.39587906	226.832795	0	0	0	0	3
174	40	0	2.25303046	101319.27	101318.021	101316.041	101319.272	1.20607498	226.832795	0	0	0	0	3
175	40	0	2.26597891	101319.302	101318.033	101316.041	101319.302	1.03671496	226.832795	0	0	0	0	3
176	40	0	2.27892736	101319.29	101318.04	101316.041	101319.302	0.957852855	226.832795	0	0	0	0	3
177	40	0	2.29187581	101319.34	101318.042	101316.041	101319.34	0.900670694	226.832795	0	0	0	0	3
178	40	0	2.30482426	101319.667	101318.055	101316.041	101319.667	0.913482326	226.832795	0	0	0	0	3
179	41	0	2.31777271	101320.008	101318.083	101316.041	101320.008	0.941003039	226.832795	0	0	0	0	3
180	41	0	2.33072116	101319.424	101318.102	101316.041	101320.008	0.960755085	226.832795	0	0	0	0	3
181	41	0	2.34366961	101318.584	101318.107	101316.041	101320.008	0.964861118	226.832795	0	0	0	0	3
182	41	0	2.35661806	101318.495	101318.11	101316.041	101320.008	0.968820351	226.832795	0	0	0	0	3
183	42	0	2.36956651	101318.572	101318.121	101316.041	101320.008	0.979179695	226.832795	0	0	0	0	3
184	42	0	2.38251496	101318.652	101318.135	101316.041	101320.008	0.993368294	226.832795	0	0	0	0	3
185	42	0	2.39546342	101318.763	101318.161	101316.041	101320.008	1.01943714	226.832795	0	0	0	0	3
186	42	0	2.40841187	101318.845	101318.194	101316.041	101320.008	1.05265529	226.832795	0	0	0	0	3
187	42	0	2.42136032	101318.886	101318.228	101316.041	101320.008	1.08669281	226.832795	0	0	0	0	3
188	43	0	2.43430877	101318.883	101318.26	101316.041	101320.008	1.11847717	226.832795	0	0	0	0	3
189	43	0	2.44725722	101319.01	101318.309	101316.041	101320.008	1.16779474	226.832795	0	0	0	0	3
190	43	0	2.46020567	101319.13	101318.38	101316.041	101320.008	1.23857528	226.832795	0	0	0	0	3
191	43	0	2.47315412	101319.282	101318.461	101316.041	101320.008	1.31898146	226.832795	0	0	0	0	3
192	44	0	2.48610257	101319.428	101318.547	101316.163	101320.008	1.40581723	226.832795	0	0	0	0	3
193	44	0	2.49905102	101319.423	101318.631	101316.407	101320.008	1.48941602	226.832795	0	0	0	0	3
194	44	0	2.51199947	101319.409	101318.708	101316.664	101320.008	1.56637266	226.832795	0	0	0	0	3
195	44	0	2.52494792	101319.126	101318.771	101316.933	101320.008	1.62950464	226.832795	0	0	0	0	3
196	44	0	2.53789638	101318.95	101318.823	101317.244	101320.008	1.68122627	226.832795	0	0	0	0	3
197	45	0	2.55084483	101319.092	101318.87	101317.56	101320.008	1.72861337	226.832795	0	0	0	0	3
198	45	0	2.56379328	101319.207	101318.912	101317.597	101320.008	1.74439204	226.832795	0	0	0	0	3
199	45	0	2.57674173	101319.355	101318.95	101317.597	101320.008	1.75306017	226.832795	0	0	0	0	3
200	45	0	2.58969018	101319.427	101318.996	101317.597	101320.008	1.76555157	226.832795	0	0	0	0	3
201	46	0	2.60263863	101319.512	101319.045	101317.855	101320.008	1.76862257	226.832795	0	0	0	0	3
202	46	0	2.61558708	101319.591	101319.09	101318.153	101320.008	1.73793885	226.832795	0	0	0	0	3
203	46	0	2.62853553	101319.685	101319.129	101318.38	101320.008	1.62831231	226.832795	0	0	0	0	3
204	47	0	2.64148398	101319.742	101319.164	101318.495	101320.008	1.5131085	226.832795	0	0	0	0	3
