Iteration	CPUTime	PhysTime	Travels	Value	AvValue	MinValue	MaxValue	Delta	Criteria	PrevAvRefValue	Progress	CriteriaType	CriteriaVarType	CriteriaPercentage
1	7	0	0.00571304342	101364.706	101364.706	101364.706	101364.706	0	0	0	0	0	0	3
2	8	0	0.0114260868	101330.893	101347.799	101330.893	101364.706	16.906475	0	0	0	0	0	3
3	9	0	0.0171391303	101142.124	101279.241	101142.124	101364.706	85.4648049	0	0	0	0	0	3
4	11	0	0.0228521737	101420.292	101314.504	101142.124	101420.292	85.4648049	0	0	0	0	0	3
5	12	0	0.0285652171	101223.285	101296.26	101142.124	101420.292	85.4648049	0	0	0	0	0	3
6	14	0	0.0342782605	101310.622	101298.654	101142.124	101420.292	85.4648049	0	0	0	0	0	3
7	16	0	0.0399913039	101288.418	101297.191	101142.124	101420.292	85.4648049	0	0	0	0	0	3
8	17	0	0.0457043474	101334.924	101301.908	101142.124	101420.292	85.4648049	0	0	0	0	0	3
9	19	0	0.0514173908	101321.805	101304.119	101142.124	101420.292	85.4648049	0	0	0	0	0	3
10	20	0	0.0571304342	101317.28	101305.435	101142.124	101420.292	85.4648049	0	0	0	0	0	3
11	22	0	0.0628434776	101317.526	101306.534	101142.124	101420.292	85.4648049	0	0	0	0	0	3
12	23	0	0.068556521	101326.724	101308.217	101142.124	101420.292	85.4648049	0	0	0	0	0	3
13	24	0	0.0742695645	101321.765	101309.259	101142.124	101420.292	85.4648049	0	0	0	0	0	3
14	25	0	0.0799826079	101321.621	101310.142	101142.124	101420.292	85.4648049	0	0	0	0	0	3
15	27	0	0.0856956513	101332.661	101311.643	101142.124	101420.292	85.4648049	0	0	0	0	0	3
16	28	0	0.0914086947	101320.788	101312.215	101142.124	101420.292	85.4648049	0	0	0	0	0	3
17	29	0	0.0971217381	101321.696	101312.772	101142.124	101420.292	85.4648049	0	0	0	0	0	3
18	31	0	0.102834782	101329.601	101313.707	101142.124	101420.292	85.4648049	0	0	0	0	0	3
19	32	0	0.108547825	101322.602	101314.175	101142.124	101420.292	85.4648049	0	0	0	0	0	3
20	33	0	0.114260868	101326.768	101314.805	101142.124	101420.292	85.4648049	0	0	0	0	0	3
21	34	0	0.119973912	101324.282	101315.256	101142.124	101420.292	85.4648049	0	0	0	0	0	3
22	35	0	0.125686955	101329.127	101315.887	101142.124	101420.292	85.4648049	0	0	0	0	0	3
23	37	0	0.131399999	101323.776	101316.23	101142.124	101420.292	85.4648049	0	0	0	0	0	3
24	38	0	0.137113042	101322.365	101316.485	101142.124	101420.292	85.4648049	0	0	0	0	0	3
25	39	0	0.142826086	101324.619	101316.811	101142.124	101420.292	85.4648049	0	0	0	0	0	3
26	41	0	0.148539129	101324.873	101317.121	101142.124	101420.292	85.4648049	0	0	0	0	0	3
27	42	0	0.154252172	101324.329	101317.388	101142.124	101420.292	85.4648049	0	0	0	0	0	3
28	43	0	0.159965216	101325.525	101317.678	101142.124	101420.292	85.4648049	0	0	0	0	0	3
29	44	0	0.165678259	101324.972	101317.93	101142.124	101420.292	85.4648049	0	0	0	0	0	3
30	45	0	0.171391303	101324.932	101318.163	101142.124	101420.292	85.4648049	0	0	0	0	0	3
31	47	0	0.177104346	101326.497	101318.432	101142.124	101420.292	85.4648049	0	0	0	0	0	3
32	48	0	0.182817389	101325.476	101318.652	101142.124	101420.292	85.4648049	0	0	0	0	0	3
33	49	0	0.188530433	101324.78	101318.838	101142.124	101420.292	85.4648049	0	0	0	0	0	3
34	51	0	0.194243476	101324.988	101319.019	101142.124	101420.292	85.4648049	0	0	0	0	0	3
35	52	0	0.19995652	101325.052	101319.191	101142.124	101420.292	85.4648049	0	0	0	0	0	3
36	53	0	0.205669563	101324.842	101319.348	101142.124	101420.292	85.4648049	0	0	0	0	0	3
37	55	0	0.211382607	101324.972	101319.5	101142.124	101420.292	85.4648049	0	0	0	0	0	3
38	56	0	0.21709565	101325.058	101319.646	101142.124	101420.292	85.4648049	0	0	0	0	0	3
39	57	0	0.222808693	101325.149	101319.788	101142.124	101420.292	85.4648049	0	0	0	0	0	3
40	59	0	0.228521737	101324.965	101319.917	101142.124	101420.292	85.4648049	0	0	0	0	0	3
41	60	0	0.23423478	101324.996	101320.041	101142.124	101420.292	85.4648049	0	0	0	0	0	3
42	62	0	0.239947824	101324.683	101320.151	101142.124	101420.292	85.4648049	0	0	0	0	0	3
43	63	0	0.245660867	101324.969	101320.263	101142.124	101420.292	85.4648049	0	0	0	0	0	3
44	65	0	0.25137391	101325.167	101320.375	101142.124	101420.292	85.4648049	0	0	0	0	0	3
45	66	0	0.257086954	101324.859	101320.475	101142.124	101420.292	85.4648049	0	0	0	0	0	3
46	68	0	0.262799997	101325.028	101320.574	101142.124	101420.292	85.4648049	0	0	0	0	0	3
47	69	0	0.268513041	101324.798	101320.663	101142.124	101420.292	85.4648049	0	0	0	0	0	3
48	71	0	0.274226084	101324.672	101320.747	101142.124	101420.292	85.4648049	0	0	0	0	0	3
49	72	0	0.279939128	101324.943	101320.833	101142.124	101420.292	85.4648049	0	0	0	0	0	3
50	74	0	0.285652171	101324.875	101320.913	101142.124	101420.292	85.4648049	0	0	0	0	0	3
51	75	0	0.291365214	101324.743	101320.989	101142.124	101420.292	85.4648049	0	0	0	0	0	3
52	77	0	0.297078258	101324.878	101321.063	101142.124	101420.292	85.4648049	0	0	0	0	0	3
53	78	0	0.302791301	101324.973	101321.137	101142.124	101420.292	85.4648049	0	0	0	0	0	3
54	80	0	0.308504345	101324.884	101321.206	101142.124	101420.292	85.4648049	0	0	0	0	0	3
55	81	0	0.314217388	101324.95	101321.275	101142.124	101420.292	85.4648049	0	0	0	0	0	3
56	83	0	0.319930432	101324.915	101321.34	101142.124	101420.292	85.4648049	0	0	0	0	0	3
57	84	0	0.325643475	101324.915	101321.402	101142.124	101420.292	85.4648049	0	0	0	0	0	3
58	85	0	0.331356518	101324.963	101321.464	101142.124	101420.292	85.4648049	0	0	0	0	0	3
59	87	0	0.337069562	101324.959	101321.523	101142.124	101420.292	85.4648049	0	0	0	0	0	3
60	88	0	0.342782605	101325	101321.581	101142.124	101420.292	85.4648049	0	0	0	0	0	3
61	90	0	0.348495649	101325.018	101321.637	101142.124	101420.292	85.4648049	0	0	0	0	0	3
62	91	0	0.354208692	101325.09	101321.693	101142.124	101420.292	85.4648049	0	0	0	0	0	3
63	93	0	0.359921735	101325.046	101321.746	101142.124	101420.292	85.4648049	0	0	0	0	0	3
64	94	0	0.365634779	101325.109	101321.799	101142.124	101420.292	85.4648049	0	0	0	0	0	3
65	96	0	0.371347822	101325.007	101321.848	101142.124	101420.292	85.4648049	0	0	0	0	0	3
66	97	0	0.377060866	101325.018	101321.896	101142.124	101420.292	85.4648049	0	0	0	0	0	3
67	98	0	0.382773909	101324.963	101321.942	101142.124	101420.292	85.4648049	0	0	0	0	0	3
68	100	0	0.388486953	101324.972	101321.986	101142.124	101420.292	85.4648049	0	0	0	0	0	3
69	101	0	0.394199996	101324.974	101322.03	101142.124	101420.292	85.4648049	0	0	0	0	0	3
70	103	0	0.399913039	101324.998	101322.072	101142.124	101420.292	85.4648049	0	0	0	0	0	3
71	104	0	0.405626083	101325.02	101322.114	101142.124	101420.292	85.4648049	0	0	0	0	0	3
72	105	0	0.411339126	101325.045	101322.154	101142.124	101420.292	85.4648049	0	0	0	0	0	3
73	107	0	0.41705217	101325.048	101322.194	101142.124	101420.292	85.4648049	0	0	0	0	0	3
74	108	0	0.422765213	101325.044	101322.233	101142.124	101420.292	85.4648049	0	0	0	0	0	3
75	110	0	0.428478257	101325.033	101322.27	101142.124	101420.292	85.4648049	0	0	0	0	0	3
76	111	0	0.4341913	101325.028	101322.306	101142.124	101420.292	85.4648049	0	0	0	0	0	3
77	113	0	0.439904343	101325.034	101322.342	101142.124	101420.292	85.4648049	0	0	0	0	0	3
78	114	0	0.445617387	101325.047	101322.376	101142.124	101420.292	85.4648049	0	0	0	0	0	3
79	115	0	0.45133043	101325.055	101322.41	101142.124	101420.292	85.4648049	0	0	0	0	0	3
80	117	0	0.457043474	101325.053	101322.443	101142.124	101420.292	85.4648049	0	0	0	0	0	3
81	118	0	0.462756517	101325.042	101322.475	101142.124	101420.292	85.4648049	0	0	0	0	0	3
82	120	0	0.46846956	101325.028	101322.506	101142.124	101420.292	85.4648049	0	0	0	0	0	3
83	121	0	0.474182604	101325.016	101322.537	101142.124	101420.292	85.4648049	0	0	0	0	0	3
84	122	0	0.479895647	101325.011	101322.566	101142.124	101420.292	85.4648049	0	0	0	0	0	3
85	124	0	0.485608691	101325.009	101322.595	101142.124	101420.292	85.4648049	0	0	0	0	0	3
86	125	0	0.491321734	101325.008	101322.623	101142.124	101420.292	85.4648049	0	0	0	0	0	3
87	127	0	0.497034778	101325.007	101322.65	101142.124	101420.292	85.4648049	0	0	0	0	0	3
88	128	0	0.502747821	101325.005	101322.677	101142.124	101420.292	85.4648049	0	0	0	0	0	3
89	130	0	0.508460864	101325	101322.226	101142.124	101420.292	68.5583298	0	0	0	0	0	3
90	131	0	0.514173908	101324.997	101322.159	101142.124	101420.292	43.4362057	0	0	0	0	0	3
91	132	0	0.519886951	101324.992	101324.237	101223.285	101420.292	27.9769812	0	0	0	0	0	3
92	134	0	0.525599995	101324.988	101323.154	101223.285	101334.924	27.9769812	0	0	0	0	0	3
93	135	0	0.531313038	101324.987	101324.31	101288.418	101334.924	27.1183132	0	0	0	0	0	3
94	137	0	0.537026082	101324.986	101324.473	101288.418	101334.924	27.2815457	0	0	0	0	0	3
95	138	0	0.542739125	101324.985	101324.888	101317.28	101334.924	17.644095	0	0	0	0	0	3
96	139	0	0.548452168	101324.984	101324.775	101317.28	101332.661	15.3813981	0	0	0	0	0	3
97	141	0	0.554165212	101324.983	101324.812	101317.28	101332.661	15.3813981	0	0	0	0	0	3
98	142	0	0.559878255	101324.984	101324.899	101317.526	101332.661	15.1352513	0	0	0	0	0	3
99	144	0	0.565591299	101324.984	101324.984	101320.788	101332.661	11.8729912	0	0	0	0	0	3
100	145	0	0.571304342	101324.984	101324.964	101320.788	101332.661	11.8729912	0	0	0	0	0	3
101	150	0	0.577017385	101324.983	101325.001	101320.788	101332.661	11.8729912	0	0	0	0	0	3
102	152	0	0.582730429	101324.983	101325.039	101320.788	101332.661	11.8729912	0	0	0	0	0	3
103	153	0	0.588443472	101324.983	101324.952	101320.788	101329.601	8.81223643	0	0	0	0	0	3
104	154	0	0.594156516	101324.982	101324.999	101321.696	101329.601	7.90512663	0	0	0	0	0	3
105	156	0	0.599869559	101324.982	101325.037	101322.365	101329.601	7.23588889	0	0	0	0	0	3
106	157	0	0.605582603	101324.981	101324.984	101322.365	101329.127	6.76191549	0	0	0	0	0	3
107	158	0	0.611295646	101324.981	101325.011	101322.365	101329.127	6.76191549	0	0	0	0	0	3
108	160	0	0.617008689	101324.981	101324.991	101322.365	101329.127	6.76191549	0	0	0	0	0	3
109	161	0	0.622721733	101324.98	101324.999	101322.365	101329.127	6.76191549	0	0	0	0	0	3
110	162	0	0.628434776	101324.975	101324.952	101322.365	101326.497	4.13229761	0	0	0	0	0	3
111	164	0	0.63414782	101324.969	101324.965	101322.365	101326.497	4.13229761	0	0	0	0	0	3
112	165	0	0.639860863	101324.968	101324.995	101324.329	101326.497	2.1677037	0	0	0	0	0	3
113	166	0	0.645573906	101324.969	101324.999	101324.329	101326.497	2.1677037	0	0	0	0	0	3
114	168	0	0.65128695	101324.974	101325	101324.329	101326.497	2.1677037	0	0	0	0	0	3
115	169	0	0.656999993	101324.966	101325.007	101324.672	101326.497	1.82467219	0	0	0	0	0	3
116	170	0	0.662713037	101324.983	101325.001	101324.672	101326.497	1.82467219	0	0	0	0	0	3
117	172	0	0.66842608	101324.989	101325.001	101324.672	101326.497	1.82467219	0	0	0	0	0	3
118	173	0	0.674139124	101324.989	101325.002	101324.672	101326.497	1.82467219	0	0	0	0	0	3
119	174	0	0.679852167	101324.985	101324.985	101324.672	101325.476	0.80370375	0	0	0	0	0	3
120	176	0	0.68556521	101324.988	101324.979	101324.672	101325.167	0.49425556	0	0	0	0	0	3
121	177	0	0.691278254	101324.992	101324.981	101324.672	101325.167	0.49425556	0	0	0	0	0	3
122	178	0	0.696991297	101324.991	101324.981	101324.672	101325.167	0.49425556	0	0	0	0	0	3
123	180	0	0.702704341	101324.993	101324.981	101324.672	101325.167	0.49425556	0	0	0	0	0	3
124	181	0	0.708417384	101324.996	101324.983	101324.672	101325.167	0.49425556	0	0	0	0	0	3
125	183	0	0.714130428	101324.992	101324.983	101324.672	101325.167	0.49425556	0	0	0	0	0	3
126	184	0	0.719843471	101324.991	101324.982	101324.672	101325.167	0.49425556	0	0	0	0	0	3
127	186	0	0.725556514	101325.006	101324.98	101324.672	101325.167	0.49425556	0	0	0	0	0	3
128	187	0	0.731269558	101324.997	101324.981	101324.672	101325.167	0.49425556	0	0	0	0	0	3
129	189	0	0.736982601	101324.99	101324.981	101324.672	101325.167	0.49425556	0	0	0	0	0	3
130	190	0	0.742695645	101325.006	101324.984	101324.672	101325.167	0.49425556	0	0	0	0	0	3
131	192	0	0.748408688	101324.991	101324.985	101324.672	101325.167	0.49425556	0	0	0	0	0	3
132	193	0	0.754121731	101324.988	101324.983	101324.672	101325.109	0.436483469	0	0	0	0	0	3
133	194	0	0.759834775	101325.008	101324.984	101324.672	101325.109	0.436483469	0	0	0	0	0	3
134	196	0	0.765547818	101324.992	101324.984	101324.672	101325.109	0.436483469	0	0	0	0	0	3
135	197	0	0.771260862	101324.988	101324.986	101324.672	101325.109	0.436483469	0	0	0	0	0	3
136	199	0	0.776973905	101325.01	101324.99	101324.743	101325.109	0.365626639	0	0	0	0	0	3
137	200	0	0.782686949	101324.992	101324.99	101324.743	101325.109	0.365626639	0	0	0	0	0	3
138	201	0	0.788399992	101324.986	101324.992	101324.743	101325.109	0.365626639	0	0	0	0	0	3
139	203	0	0.794113035	101325.012	101324.995	101324.878	101325.109	0.231218852	0	0	0	0	0	3
140	204	0	0.799826079	101324.993	101324.996	101324.884	101325.109	0.224964436	0	0	0	0	0	3
141	205	0	0.805539122	101324.987	101324.996	101324.884	101325.109	0.224964436	0	0	0	0	0	3
142	207	0	0.811252166	101325.014	101324.998	101324.915	101325.109	0.193782714	0	0	0	0	0	3
143	208	0	0.816965209	101324.992	101324.998	101324.915	101325.109	0.193782714	0	0	0	0	0	3
144	210	0	0.822678253	101324.987	101324.999	101324.915	101325.109	0.193782714	0	0	0	0	0	3
145	211	0	0.828391296	101325.015	101325	101324.959	101325.109	0.150279375	0	0	0	0	0	3
146	212	0	0.834104339	101324.992	101325	101324.959	101325.109	0.150279375	0	0	0	0	0	3
147	214	0	0.839817383	101324.986	101325.001	101324.963	101325.109	0.145514584	0	0	0	0	0	3
148	215	0	0.845530426	101325.016	101325.001	101324.963	101325.109	0.145514584	0	0	0	0	0	3
149	216	0	0.85124347	101324.992	101325.001	101324.963	101325.109	0.145514584	0	0	0	0	0	3
150	218	0	0.856956513	101324.986	101324.999	101324.963	101325.109	0.145514584	0	0	0	0	0	3
151	219	0	0.862669556	101325.016	101324.999	101324.963	101325.109	0.145514584	0	0	0	0	0	3
152	220	0	0.8683826	101324.992	101324.998	101324.963	101325.055	0.0913483583	0	0	0	0	0	3
153	222	0	0.874095643	101324.987	101324.997	101324.963	101325.055	0.0913483583	0	0	0	0	0	3
154	223	0	0.879808687	101325.017	101324.997	101324.963	101325.055	0.0913483583	0	0	0	0	0	3
155	224	0	0.88552173	101324.992	101324.998	101324.966	101325.055	0.0889041277	0	0	0	0	0	3
156	226	0	0.891234774	101324.986	101324.998	101324.966	101325.055	0.0889041277	0	0	0	0	0	3
157	227	0	0.896947817	101325.018	101324.998	101324.966	101325.055	0.0889041277	0	0	0	0	0	3
158	228	0	0.90266086	101324.991	101324.998	101324.966	101325.055	0.0889041277	0	0	0	0	0	3
159	230	0	0.908373904	101324.986	101324.998	101324.966	101325.055	0.0889041277	0	0	0	0	0	3
160	231	0	0.914086947	101325.019	101324.998	101324.966	101325.055	0.0889041277	0	0	0	0	0	3
161	233	0	0.919799991	101324.991	101324.997	101324.966	101325.055	0.0889041277	0	0	0	0	0	3
162	234	0	0.925513034	101324.986	101324.996	101324.966	101325.055	0.0889041277	0	0	0	0	0	3
163	235	0	0.931226078	101325.019	101324.996	101324.966	101325.055	0.0889041277	0	0	0	0	0	3
164	237	0	0.936939121	101324.99	101324.996	101324.966	101325.055	0.0889041277	0	0	0	0	0	3
165	238	0	0.942652164	101324.986	101324.995	101324.966	101325.055	0.0889041277	0	0	0	0	0	3
166	239	0	0.948365208	101325.02	101324.995	101324.966	101325.055	0.0889041277	0	0	0	0	0	3
167	241	0	0.954078251	101324.99	101324.994	101324.966	101325.053	0.0868832269	0	0	0	0	0	3
168	242	0	0.959791295	101324.986	101324.993	101324.966	101325.042	0.0760307736	0	0	0	0	0	3
169	243	0	0.965504338	101325.019	101324.993	101324.966	101325.028	0.0619524499	0	0	0	0	0	3
170	245	0	0.971217381	101324.99	101324.993	101324.966	101325.02	0.0536541563	0	0	0	0	0	3
171	246	0	0.976930425	101324.986	101324.992	101324.966	101325.02	0.0536541563	0	0	0	0	0	3
172	247	0	0.982643468	101325.02	101324.992	101324.966	101325.02	0.0537317777	0	0	0	0	0	3
173	249	0	0.988356512	101324.99	101324.992	101324.966	101325.02	0.0537317777	0	0	0	0	0	3
174	250	0	0.994069555	101324.986	101324.992	101324.966	101325.02	0.0537317777	0	0	0	0	0	3
175	251	0	0.999782599	101325.02	101324.992	101324.966	101325.02	0.0539210305	0	0	0	0	0	3
176	253	0	1.00549564	101324.99	101324.992	101324.966	101325.02	0.0539210305	8.3450259	0	0	0	0	3
177	254	0	1.01120869	101324.986	101324.992	101324.966	101325.02	0.0539210305	8.3450259	0	0	0	0	3
178	255	0	1.01692173	101325.02	101324.992	101324.966	101325.02	0.0539210305	8.3450259	0	0	0	0	3
179	257	0	1.02263477	101324.99	101324.992	101324.966	101325.02	0.0539210305	8.3450259	0	0	0	0	3
180	258	0	1.02834782	101324.986	101324.992	101324.966	101325.02	0.0539210305	8.3450259	0	0	0	0	3
181	260	0	1.03406086	101325.02	101324.992	101324.966	101325.02	0.0540808944	8.3450259	0	0	0	0	3
182	261	0	1.0397739	101324.99	101324.992	101324.966	101325.02	0.0540808944	8.3450259	0	0	0	0	3
183	262	0	1.04548695	101324.986	101324.992	101324.966	101325.02	0.0540808944	8.3450259	0	0	0	0	3
184	264	0	1.05119999	101325.02	101324.993	101324.966	101325.02	0.0540808944	8.3450259	0	0	0	0	3
185	265	0	1.05691303	101324.99	101324.993	101324.966	101325.02	0.0540808944	8.3450259	0	0	0	0	3
186	266	0	1.06262608	101324.986	101324.993	101324.966	101325.02	0.0540808944	8.3450259	0	0	0	0	3
187	268	0	1.06833912	101325.02	101324.993	101324.966	101325.02	0.0540808944	8.3450259	0	0	0	0	3
188	269	0	1.07405216	101324.99	101324.993	101324.966	101325.02	0.0540808944	8.3450259	0	0	0	0	3
189	270	0	1.07976521	101324.986	101324.993	101324.966	101325.02	0.0540808944	8.3450259	0	0	0	0	3
190	272	0	1.08547825	101325.02	101324.994	101324.966	101325.02	0.0543084727	8.3450259	0	0	0	0	3
191	273	0	1.09119129	101324.99	101324.994	101324.966	101325.02	0.0543084727	8.3450259	0	0	0	0	3
192	274	0	1.09690434	101324.986	101324.994	101324.966	101325.02	0.0543084727	8.3450259	0	0	0	0	3
193	276	0	1.10261738	101325.02	101324.994	101324.966	101325.02	0.0543084727	8.3450259	0	0	0	0	3
194	277	0	1.10833042	101324.99	101324.995	101324.966	101325.02	0.0543084727	8.3450259	0	0	0	0	3
195	278	0	1.11404347	101324.986	101324.995	101324.966	101325.02	0.0543084727	8.3450259	0	0	0	0	3
196	280	0	1.11975651	101325.02	101324.995	101324.966	101325.02	0.0546338827	8.3450259	0	0	0	0	3
197	281	0	1.12546955	101324.99	101324.995	101324.966	101325.02	0.0546338827	8.3450259	0	0	0	0	3
198	282	0	1.1311826	101324.986	101324.995	101324.966	101325.02	0.0419388063	8.3450259	0	0	0	0	3
199	284	0	1.13689564	101325.02	101324.996	101324.966	101325.02	0.0280674693	8.3450259	0	0	0	0	3
200	285	0	1.14260868	101324.99	101324.996	101324.966	101325.02	0.0280674693	8.3450259	0	0	0	0	3
201	289	0	1.14832173	101324.986	101324.996	101324.966	101325.02	0.0280674693	8.3450259	0	0	0	0	3
202	291	0	1.15403477	101325.021	101324.997	101324.966	101325.021	0.0280674693	8.3450259	0	0	0	0	3
203	292	0	1.15974781	101324.989	101324.997	101324.983	101325.021	0.022728767	8.3450259	0	0	0	0	3
