Iteration	CPUTime	PhysTime	Travels	Value	AvValue	MinValue	MaxValue	Delta	Criteria	PrevAvRefValue	Progress	CriteriaType	CriteriaVarType	CriteriaPercentage
1	7	0	0.00571304342	293.200029	293.200029	293.200029	293.200029	0	0	0	0	0	0	3
2	8	0	0.0114260868	293.199995	293.200012	293.199995	293.200029	1.6747581e-05	0	0	0	0	0	3
3	9	0	0.0171391303	293.199785	293.199936	293.199785	293.200029	9.25821257e-05	0	0	0	0	0	3
4	11	0	0.0228521737	293.200124	293.199983	293.199785	293.200124	9.25821257e-05	0	0	0	0	0	3
5	12	0	0.0285652171	293.199901	293.199967	293.199785	293.200124	9.25821257e-05	0	0	0	0	0	3
6	14	0	0.0342782605	293.200018	293.199975	293.199785	293.200124	9.25821257e-05	0	0	0	0	0	3
7	16	0	0.0399913039	293.200005	293.19998	293.199785	293.200124	9.25821257e-05	0	0	0	0	0	3
8	17	0	0.0457043474	293.20007	293.199991	293.199785	293.200124	9.25821257e-05	0	0	0	0	0	3
9	19	0	0.0514173908	293.200067	293.199999	293.199785	293.200124	9.25821257e-05	0	0	0	0	0	3
10	20	0	0.0571304342	293.200076	293.200007	293.199785	293.200124	9.25821257e-05	0	0	0	0	0	3
11	22	0	0.0628434776	293.200101	293.200016	293.199785	293.200124	9.25821257e-05	0	0	0	0	0	3
12	23	0	0.068556521	293.200137	293.200026	293.199785	293.200137	9.25821257e-05	0	0	0	0	0	3
13	24	0	0.0742695645	293.200159	293.200036	293.199785	293.200159	9.95400854e-05	0	0	0	0	0	3
14	25	0	0.0799826079	293.200189	293.200047	293.199785	293.200189	0.000110482145	0	0	0	0	0	3
15	27	0	0.0856956513	293.200235	293.200059	293.199785	293.200235	0.000123033383	0	0	0	0	0	3
16	28	0	0.0914086947	293.200276	293.200073	293.199785	293.200276	0.000136578811	0	0	0	0	0	3
17	29	0	0.0971217381	293.200335	293.200088	293.199785	293.200335	0.000151975068	0	0	0	0	0	3
18	31	0	0.102834782	293.200405	293.200106	293.199785	293.200405	0.000169553089	0	0	0	0	0	3
19	32	0	0.108547825	293.200458	293.200124	293.199785	293.200458	0.000188091725	0	0	0	0	0	3
20	33	0	0.114260868	293.200525	293.200144	293.199785	293.200525	0.000208126281	0	0	0	0	0	3
21	34	0	0.119973912	293.200618	293.200167	293.199785	293.200618	0.000230662794	0	0	0	0	0	3
22	35	0	0.125686955	293.200725	293.200192	293.199785	293.200725	0.000256012584	0	0	0	0	0	3
23	37	0	0.131399999	293.200821	293.20022	293.199785	293.200821	0.000283341135	0	0	0	0	0	3
24	38	0	0.137113042	293.20092	293.200249	293.199785	293.20092	0.000312523721	0	0	0	0	0	3
25	39	0	0.142826086	293.201024	293.20028	293.199785	293.201024	0.000343511885	0	0	0	0	0	3
26	41	0	0.148539129	293.201171	293.200314	293.199785	293.201171	0.000377803789	0	0	0	0	0	3
27	42	0	0.154252172	293.201316	293.200351	293.199785	293.201316	0.00041490366	0	0	0	0	0	3
28	43	0	0.159965216	293.201462	293.200391	293.199785	293.201462	0.000454557018	0	0	0	0	0	3
29	44	0	0.165678259	293.201604	293.200433	293.199785	293.201604	0.00049640011	0	0	0	0	0	3
30	45	0	0.171391303	293.201746	293.200477	293.199785	293.201746	0.000540176061	0	0	0	0	0	3
31	47	0	0.177104346	293.201967	293.200525	293.199785	293.201967	0.000588247227	0	0	0	0	0	3
32	48	0	0.182817389	293.202196	293.200577	293.199785	293.202196	0.000640471055	0	0	0	0	0	3
33	49	0	0.188530433	293.202441	293.200633	293.199785	293.202441	0.000696963415	0	0	0	0	0	3
34	51	0	0.194243476	293.202709	293.200694	293.199785	293.202709	0.000758000125	0	0	0	0	0	3
35	52	0	0.19995652	293.202993	293.20076	293.199785	293.202993	0.000823669919	0	0	0	0	0	3
36	53	0	0.205669563	293.203433	293.200834	293.199785	293.203433	0.000897921172	0	0	0	0	0	3
37	55	0	0.211382607	293.203851	293.200916	293.199785	293.203851	0.00097946746	0	0	0	0	0	3
38	56	0	0.21709565	293.204196	293.201002	293.199785	293.204196	0.00106579807	0	0	0	0	0	3
39	57	0	0.222808693	293.204429	293.20109	293.199785	293.204429	0.00115367852	0	0	0	0	0	3
40	59	0	0.228521737	293.20453	293.201176	293.199785	293.20453	0.00123968165	0	0	0	0	0	3
41	60	0	0.23423478	293.204432	293.201255	293.199785	293.20453	0.00131909105	0	0	0	0	0	3
42	62	0	0.239947824	293.204159	293.201325	293.199785	293.20453	0.00138822701	0	0	0	0	0	3
43	63	0	0.245660867	293.203797	293.201382	293.199785	293.20453	0.00144571976	0	0	0	0	0	3
44	65	0	0.25137391	293.203411	293.201428	293.199785	293.20453	0.00149182711	0	0	0	0	0	3
45	66	0	0.257086954	293.203038	293.201464	293.199785	293.20453	0.00152759168	0	0	0	0	0	3
46	68	0	0.262799997	293.202697	293.201491	293.199785	293.20453	0.00155439087	0	0	0	0	0	3
47	69	0	0.268513041	293.202391	293.20151	293.199785	293.20453	0.00157355413	0	0	0	0	0	3
48	71	0	0.274226084	293.20212	293.201523	293.199785	293.20453	0.00158626176	0	0	0	0	0	3
49	72	0	0.279939128	293.201881	293.20153	293.199785	293.20453	0.00159358109	0	0	0	0	0	3
50	74	0	0.285652171	293.201672	293.201533	293.199785	293.20453	0.0015964154	0	0	0	0	0	3
51	75	0	0.291365214	293.201488	293.201532	293.199785	293.20453	0.0015964154	0	0	0	0	0	3
52	77	0	0.297078258	293.201328	293.201528	293.199785	293.20453	0.0015964154	0	0	0	0	0	3
53	78	0	0.302791301	293.201191	293.201522	293.199785	293.20453	0.0015964154	0	0	0	0	0	3
54	80	0	0.308504345	293.201073	293.201513	293.199785	293.20453	0.0015964154	0	0	0	0	0	3
55	81	0	0.314217388	293.200973	293.201503	293.199785	293.20453	0.0015964154	0	0	0	0	0	3
56	83	0	0.319930432	293.200889	293.201492	293.199785	293.20453	0.0015964154	0	0	0	0	0	3
57	84	0	0.325643475	293.200818	293.201481	293.199785	293.20453	0.0015964154	0	0	0	0	0	3
58	85	0	0.331356518	293.200758	293.201468	293.199785	293.20453	0.0015964154	0	0	0	0	0	3
59	87	0	0.337069562	293.200708	293.201455	293.199785	293.20453	0.0015964154	0	0	0	0	0	3
60	88	0	0.342782605	293.200665	293.201442	293.199785	293.20453	0.0015964154	0	0	0	0	0	3
61	90	0	0.348495649	293.200628	293.201429	293.199785	293.20453	0.0015964154	0	0	0	0	0	3
62	91	0	0.354208692	293.200595	293.201415	293.199785	293.20453	0.0015964154	0	0	0	0	0	3
63	93	0	0.359921735	293.200563	293.201402	293.199785	293.20453	0.0015964154	0	0	0	0	0	3
64	94	0	0.365634779	293.200534	293.201388	293.199785	293.20453	0.0015964154	0	0	0	0	0	3
65	96	0	0.371347822	293.200504	293.201375	293.199785	293.20453	0.0015964154	0	0	0	0	0	3
66	97	0	0.377060866	293.200473	293.201361	293.199785	293.20453	0.0015964154	0	0	0	0	0	3
67	98	0	0.382773909	293.200442	293.201347	293.199785	293.20453	0.0015964154	0	0	0	0	0	3
68	100	0	0.388486953	293.20041	293.201333	293.199785	293.20453	0.0015964154	0	0	0	0	0	3
69	101	0	0.394199996	293.200377	293.20132	293.199785	293.20453	0.0015964154	0	0	0	0	0	3
70	103	0	0.399913039	293.200343	293.201306	293.199785	293.20453	0.0015964154	0	0	0	0	0	3
71	104	0	0.405626083	293.200309	293.201292	293.199785	293.20453	0.0015964154	0	0	0	0	0	3
72	105	0	0.411339126	293.200275	293.201278	293.199785	293.20453	0.0015964154	0	0	0	0	0	3
73	107	0	0.41705217	293.200241	293.201263	293.199785	293.20453	0.0015964154	0	0	0	0	0	3
74	108	0	0.422765213	293.200208	293.201249	293.199785	293.20453	0.0015964154	0	0	0	0	0	3
75	110	0	0.428478257	293.200176	293.201235	293.199785	293.20453	0.0015964154	0	0	0	0	0	3
76	111	0	0.4341913	293.200144	293.20122	293.199785	293.20453	0.0015964154	0	0	0	0	0	3
77	113	0	0.439904343	293.200115	293.201206	293.199785	293.20453	0.0015964154	0	0	0	0	0	3
78	114	0	0.445617387	293.200087	293.201192	293.199785	293.20453	0.0015964154	0	0	0	0	0	3
79	115	0	0.45133043	293.200061	293.201177	293.199785	293.20453	0.0015964154	0	0	0	0	0	3
80	117	0	0.457043474	293.200037	293.201163	293.199785	293.20453	0.0015964154	0	0	0	0	0	3
81	118	0	0.462756517	293.200016	293.201149	293.199785	293.20453	0.0015964154	0	0	0	0	0	3
82	120	0	0.46846956	293.199997	293.201135	293.199785	293.20453	0.0015964154	0	0	0	0	0	3
83	121	0	0.474182604	293.199981	293.201121	293.199785	293.20453	0.0015964154	0	0	0	0	0	3
84	122	0	0.479895647	293.199968	293.201107	293.199785	293.20453	0.0015964154	0	0	0	0	0	3
85	124	0	0.485608691	293.199957	293.201094	293.199785	293.20453	0.0015964154	0	0	0	0	0	3
86	125	0	0.491321734	293.199948	293.20108	293.199785	293.20453	0.0015964154	0	0	0	0	0	3
87	127	0	0.497034778	293.199942	293.201067	293.199785	293.20453	0.0015964154	0	0	0	0	0	3
88	128	0	0.502747821	293.199938	293.201054	293.199785	293.20453	0.0015964154	0	0	0	0	0	3
89	130	0	0.508460864	293.199935	293.201053	293.199785	293.20453	0.0015964154	0	0	0	0	0	3
90	131	0	0.514173908	293.199934	293.201053	293.199785	293.20453	0.0015964154	0	0	0	0	0	3
91	132	0	0.519886951	293.199934	293.201054	293.199901	293.20453	0.0015658846	0	0	0	0	0	3
92	134	0	0.525599995	293.199934	293.201052	293.199901	293.20453	0.0015658846	0	0	0	0	0	3
93	135	0	0.531313038	293.199935	293.201053	293.199934	293.20453	0.00155732911	0	0	0	0	0	3
94	137	0	0.537026082	293.199937	293.201052	293.199934	293.20453	0.00155315319	0	0	0	0	0	3
95	138	0	0.542739125	293.199939	293.201051	293.199934	293.20453	0.00154187886	0	0	0	0	0	3
96	139	0	0.548452168	293.199941	293.20105	293.199934	293.20453	0.00153342738	0	0	0	0	0	3
97	141	0	0.554165212	293.199943	293.201048	293.199934	293.20453	0.001525747	0	0	0	0	0	3
98	142	0	0.559878255	293.199946	293.201047	293.199934	293.20453	0.00151724474	0	0	0	0	0	3
99	144	0	0.565591299	293.199948	293.201045	293.199934	293.20453	0.0015071438	0	0	0	0	0	3
100	145	0	0.571304342	293.19995	293.201043	293.199934	293.20453	0.00149687531	0	0	0	0	0	3
101	150	0	0.577017385	293.199952	293.20104	293.199934	293.20453	0.00148593325	0	0	0	0	0	3
102	152	0	0.582730429	293.199954	293.201038	293.199934	293.20453	0.00147338201	0	0	0	0	0	3
103	153	0	0.588443472	293.199956	293.201035	293.199934	293.20453	0.00145983659	0	0	0	0	0	3
104	154	0	0.594156516	293.199958	293.201031	293.199934	293.20453	0.00144444033	0	0	0	0	0	3
105	156	0	0.599869559	293.199959	293.201027	293.199934	293.20453	0.00142686231	0	0	0	0	0	3
106	157	0	0.605582603	293.199961	293.201022	293.199934	293.20453	0.00140832367	0	0	0	0	0	3
107	158	0	0.611295646	293.199963	293.201016	293.199934	293.20453	0.00138828912	0	0	0	0	0	3
108	160	0	0.617008689	293.199964	293.20101	293.199934	293.20453	0.0013657526	0	0	0	0	0	3
109	161	0	0.622721733	293.199966	293.201002	293.199934	293.20453	0.00134040281	0	0	0	0	0	3
110	162	0	0.628434776	293.199967	293.200994	293.199934	293.20453	0.00131307426	0	0	0	0	0	3
111	164	0	0.63414782	293.199968	293.200984	293.199934	293.20453	0.00128389168	0	0	0	0	0	3
112	165	0	0.639860863	293.199969	293.200973	293.199934	293.20453	0.00125290351	0	0	0	0	0	3
113	166	0	0.645573906	293.19997	293.200961	293.199934	293.20453	0.00121861161	0	0	0	0	0	3
114	168	0	0.65128695	293.199971	293.200948	293.199934	293.20453	0.00118151174	0	0	0	0	0	3
115	169	0	0.656999993	293.199972	293.200932	293.199934	293.20453	0.00114185838	0	0	0	0	0	3
116	170	0	0.662713037	293.199973	293.200915	293.199934	293.20453	0.00110001529	0	0	0	0	0	3
117	172	0	0.66842608	293.199973	293.200897	293.199934	293.20453	0.00105623934	0	0	0	0	0	3
118	173	0	0.674139124	293.199974	293.200877	293.199934	293.20453	0.00100816817	0	0	0	0	0	3
119	174	0	0.679852167	293.199973	293.200854	293.199934	293.20453	0.000955944343	0	0	0	0	0	3
120	176	0	0.68556521	293.199972	293.200829	293.199934	293.20453	0.000899451983	0	0	0	0	0	3
121	177	0	0.691278254	293.199971	293.200801	293.199934	293.20453	0.000838415273	0	0	0	0	0	3
122	178	0	0.696991297	293.199969	293.20077	293.199934	293.20453	0.000772745479	0	0	0	0	0	3
123	180	0	0.702704341	293.199967	293.200735	293.199934	293.20453	0.000797579417	0	0	0	0	0	3
124	181	0	0.708417384	293.199964	293.200696	293.199934	293.20453	0.000837006134	0	0	0	0	0	3
125	183	0	0.714130428	293.19996	293.200652	293.199934	293.20453	0.000881225963	0	0	0	0	0	3
126	184	0	0.719843471	293.199956	293.200603	293.199934	293.20453	0.000929406643	0	0	0	0	0	3
127	186	0	0.725556514	293.199953	293.200552	293.199934	293.20453	0.000980279976	0	0	0	0	0	3
128	187	0	0.731269558	293.199949	293.2005	293.199934	293.204432	0.00103234166	0	0	0	0	0	3
129	189	0	0.736982601	293.199945	293.200449	293.199934	293.204159	0.00108333003	0	0	0	0	0	3
130	190	0	0.742695645	293.199941	293.200401	293.199934	293.203797	0.00113126218	0	0	0	0	0	3
131	192	0	0.748408688	293.199938	293.200358	293.199934	293.203411	0.0011751148	0	0	0	0	0	3
132	193	0	0.754121731	293.199935	293.200318	293.199934	293.203038	0.00121461526	0	0	0	0	0	3
133	194	0	0.759834775	293.199932	293.200283	293.199932	293.202697	0.00124990297	0	0	0	0	0	3
134	196	0	0.765547818	293.19993	293.200251	293.19993	293.202391	0.00128133881	0	0	0	0	0	3
135	197	0	0.771260862	293.199929	293.200223	293.199929	293.20212	0.00130932141	0	0	0	0	0	3
136	199	0	0.776973905	293.199928	293.200199	293.199928	293.201881	0.00133422954	0	0	0	0	0	3
137	200	0	0.782686949	293.199927	293.200176	293.199927	293.201672	0.00135643309	0	0	0	0	0	3
138	201	0	0.788399992	293.199927	293.200156	293.199927	293.201488	0.00137537666	0	0	0	0	0	3
139	203	0	0.794113035	293.199927	293.200139	293.199927	293.201328	0.00138919508	0	0	0	0	0	3
140	204	0	0.799826079	293.199927	293.200123	293.199927	293.201191	0.00126388588	0	0	0	0	0	3
141	205	0	0.805539122	293.199927	293.200108	293.199927	293.201073	0.00114614437	0	0	0	0	0	3
142	207	0	0.811252166	293.199926	293.200095	293.199926	293.200973	0.00104630497	0	0	0	0	0	3
143	208	0	0.816965209	293.199926	293.200084	293.199926	293.200889	0.000962410697	0	0	0	0	0	3
144	210	0	0.822678253	293.199926	293.200073	293.199926	293.200818	0.000891876275	0	0	0	0	0	3
145	211	0	0.828391296	293.199926	293.200062	293.199926	293.200758	0.00083281212	0	0	0	0	0	3
146	212	0	0.834104339	293.199925	293.200053	293.199925	293.200708	0.000783007652	0	0	0	0	0	3
147	214	0	0.839817383	293.199925	293.200044	293.199925	293.200665	0.000740544294	0	0	0	0	0	3
148	215	0	0.845530426	293.199925	293.200036	293.199925	293.200628	0.000703499899	0	0	0	0	0	3
149	216	0	0.85124347	293.199924	293.200028	293.199924	293.200595	0.000670223012	0	0	0	0	0	3
150	218	0	0.856956513	293.199924	293.20002	293.199924	293.200563	0.000639183274	0	0	0	0	0	3
151	219	0	0.862669556	293.199924	293.200013	293.199924	293.200534	0.00060948779	0	0	0	0	0	3
152	220	0	0.8683826	293.199924	293.200006	293.199924	293.200504	0.00057979638	0	0	0	0	0	3
153	222	0	0.874095643	293.199924	293.199999	293.199924	293.200473	0.000549500683	0	0	0	0	0	3
154	223	0	0.879808687	293.199924	293.199993	293.199924	293.200442	0.000518415138	0	0	0	0	0	3
155	224	0	0.88552173	293.199924	293.199987	293.199924	293.20041	0.00048640243	0	0	0	0	0	3
156	226	0	0.891234774	293.199923	293.199982	293.199923	293.200377	0.000453483933	0	0	0	0	0	3
157	227	0	0.896947817	293.199923	293.199976	293.199923	293.200343	0.000420028451	0	0	0	0	0	3
158	228	0	0.90266086	293.199923	293.199972	293.199923	293.200309	0.000386214299	0	0	0	0	0	3
159	230	0	0.908373904	293.199923	293.199967	293.199923	293.200275	0.000352351761	0	0	0	0	0	3
160	231	0	0.914086947	293.199922	293.199963	293.199922	293.200241	0.000318904064	0	0	0	0	0	3
161	233	0	0.919799991	293.199922	293.19996	293.199922	293.200208	0.000286092035	0	0	0	0	0	3
162	234	0	0.925513034	293.199921	293.199956	293.199921	293.200176	0.000254138835	0	0	0	0	0	3
163	235	0	0.931226078	293.199921	293.199954	293.199921	293.200144	0.0002233983	0	0	0	0	0	3
164	237	0	0.936939121	293.199921	293.199951	293.199921	293.200115	0.000194046099	0	0	0	0	0	3
165	238	0	0.942652164	293.199921	293.199949	293.199921	293.200087	0.000166235862	0	0	0	0	0	3
166	239	0	0.948365208	293.199921	293.199947	293.199921	293.200061	0.000140351726	0	0	0	0	0	3
167	241	0	0.954078251	293.199921	293.199945	293.199921	293.200037	0.000116616322	0	0	0	0	0	3
168	242	0	0.959791295	293.199921	293.199944	293.199921	293.200016	9.53005976e-05	0	0	0	0	0	3
169	243	0	0.965504338	293.199921	293.199943	293.199921	293.199997	7.65423052e-05	0	0	0	0	0	3
170	245	0	0.971217381	293.199921	293.199942	293.199921	293.199981	6.04139044e-05	0	0	0	0	0	3
171	246	0	0.976930425	293.199921	293.199941	293.199921	293.199974	5.29549527e-05	0	0	0	0	0	3
172	247	0	0.982643468	293.199921	293.199941	293.199921	293.199974	5.29549527e-05	0	0	0	0	0	3
173	249	0	0.988356512	293.199921	293.19994	293.199921	293.199974	5.29549527e-05	0	0	0	0	0	3
174	250	0	0.994069555	293.199921	293.19994	293.199921	293.199974	5.29549527e-05	0	0	0	0	0	3
175	251	0	0.999782599	293.199921	293.19994	293.199921	293.199974	5.30077736e-05	0	0	0	0	0	3
176	253	0	1.00549564	293.19992	293.19994	293.19992	293.199974	5.31088803e-05	0.000142364192	0	0	0	0	3
177	254	0	1.01120869	293.19992	293.199939	293.19992	293.199974	5.31088803e-05	0.000142364192	0	0	0	0	3
178	255	0	1.01692173	293.19992	293.199939	293.19992	293.199974	5.31088803e-05	0.000142364192	0	0	0	0	3
179	257	0	1.02263477	293.199921	293.199939	293.19992	293.199974	5.31088803e-05	0.000142364192	0	0	0	0	3
180	258	0	1.02834782	293.199921	293.199939	293.19992	293.199974	5.31088803e-05	0.000142364192	0	0	0	0	3
181	260	0	1.03406086	293.199921	293.199939	293.19992	293.199974	5.31088803e-05	0.000142364192	0	0	0	0	3
182	261	0	1.0397739	293.199921	293.199939	293.19992	293.199974	5.31088803e-05	0.000142364192	0	0	0	0	3
183	262	0	1.04548695	293.199921	293.199938	293.19992	293.199974	5.31088803e-05	0.000142364192	0	0	0	0	3
184	264	0	1.05119999	293.199921	293.199938	293.19992	293.199974	5.31088803e-05	0.000142364192	0	0	0	0	3
185	265	0	1.05691303	293.199921	293.199938	293.19992	293.199974	5.31088803e-05	0.000142364192	0	0	0	0	3
186	266	0	1.06262608	293.199921	293.199938	293.19992	293.199974	5.31088803e-05	0.000142364192	0	0	0	0	3
187	268	0	1.06833912	293.199921	293.199937	293.19992	293.199974	5.31088803e-05	0.000142364192	0	0	0	0	3
188	269	0	1.07405216	293.199921	293.199937	293.19992	293.199974	5.31088803e-05	0.000142364192	0	0	0	0	3
189	270	0	1.07976521	293.199921	293.199937	293.19992	293.199974	5.31088803e-05	0.000142364192	0	0	0	0	3
190	272	0	1.08547825	293.199921	293.199936	293.19992	293.199974	5.31088803e-05	0.000142364192	0	0	0	0	3
191	273	0	1.09119129	293.199921	293.199936	293.19992	293.199974	5.31088803e-05	0.000142364192	0	0	0	0	3
192	274	0	1.09690434	293.199921	293.199936	293.19992	293.199974	5.31088803e-05	0.000142364192	0	0	0	0	3
193	276	0	1.10261738	293.199921	293.199935	293.19992	293.199974	5.31088803e-05	0.000142364192	0	0	0	0	3
194	277	0	1.10833042	293.199921	293.199935	293.19992	293.199974	5.31088803e-05	0.000142364192	0	0	0	0	3
195	278	0	1.11404347	293.199921	293.199934	293.19992	293.199974	5.31088803e-05	0.000142364192	0	0	0	0	3
196	280	0	1.11975651	293.199922	293.199934	293.19992	293.199974	5.31088803e-05	0.000142364192	0	0	0	0	3
197	281	0	1.12546955	293.199922	293.199933	293.19992	293.199974	5.31088803e-05	0.000142364192	0	0	0	0	3
198	282	0	1.1311826	293.199923	293.199933	293.19992	293.199974	5.31088803e-05	0.000142364192	0	0	0	0	3
199	284	0	1.13689564	293.199923	293.199932	293.19992	293.199974	5.31088803e-05	0.000142364192	0	0	0	0	3
200	285	0	1.14260868	293.199923	293.199932	293.19992	293.199974	5.31088803e-05	0.000142364192	0	0	0	0	3
201	289	0	1.14832173	293.199923	293.199931	293.19992	293.199974	5.31088803e-05	0.000142364192	0	0	0	0	3
202	291	0	1.15403477	293.199923	293.199931	293.19992	293.199974	5.31088803e-05	0.000142364192	0	0	0	0	3
203	292	0	1.15974781	293.199923	293.19993	293.19992	293.199974	5.31088803e-05	0.000142364192	0	0	0	0	3
