Iteration	CPUTime	PhysTime	Travels	Value	AvValue	MinValue	MaxValue	Delta	Criteria	PrevAvRefValue	Progress	CriteriaType	CriteriaVarType	CriteriaPercentage
1	7	0	0.00571304342	0	0	0	0	0	0	0	0	0	0	3
2	8	0	0.0114260868	0	0	0	0	0	0	0	0	0	0	3
3	9	0	0.0171391303	0	0	0	0	0	0	0	0	0	0	3
4	11	0	0.0228521737	0	0	0	0	0	0	0	0	0	0	3
5	12	0	0.0285652171	0	0	0	0	0	0	0	0	0	0	3
6	14	0	0.0342782605	0	0	0	0	0	0	0	0	0	0	3
7	16	0	0.0399913039	0	0	0	0	0	0	0	0	0	0	3
8	17	0	0.0457043474	0	0	0	0	0	0	0	0	0	0	3
9	19	0	0.0514173908	0	0	0	0	0	0	0	0	0	0	3
10	20	0	0.0571304342	0	0	0	0	0	0	0	0	0	0	3
11	22	0	0.0628434776	0	0	0	0	0	0	0	0	0	0	3
12	23	0	0.068556521	0	0	0	0	0	0	0	0	0	0	3
13	24	0	0.0742695645	0	0	0	0	0	0	0	0	0	0	3
14	25	0	0.0799826079	0	0	0	0	0	0	0	0	0	0	3
15	27	0	0.0856956513	0	0	0	0	0	0	0	0	0	0	3
16	28	0	0.0914086947	0	0	0	0	0	0	0	0	0	0	3
17	29	0	0.0971217381	0	0	0	0	0	0	0	0	0	0	3
18	31	0	0.102834782	0	0	0	0	0	0	0	0	0	0	3
19	32	0	0.108547825	0	0	0	0	0	0	0	0	0	0	3
20	33	0	0.114260868	0	0	0	0	0	0	0	0	0	0	3
21	34	0	0.119973912	0	0	0	0	0	0	0	0	0	0	3
22	35	0	0.125686955	0	0	0	0	0	0	0	0	0	0	3
23	37	0	0.131399999	0	0	0	0	0	0	0	0	0	0	3
24	38	0	0.137113042	0	0	0	0	0	0	0	0	0	0	3
25	39	0	0.142826086	0	0	0	0	0	0	0	0	0	0	3
26	41	0	0.148539129	0	0	0	0	0	0	0	0	0	0	3
27	42	0	0.154252172	0	0	0	0	0	0	0	0	0	0	3
28	43	0	0.159965216	0	0	0	0	0	0	0	0	0	0	3
29	44	0	0.165678259	0	0	0	0	0	0	0	0	0	0	3
30	45	0	0.171391303	0	0	0	0	0	0	0	0	0	0	3
31	47	0	0.177104346	0	0	0	0	0	0	0	0	0	0	3
32	48	0	0.182817389	0	0	0	0	0	0	0	0	0	0	3
33	49	0	0.188530433	0	0	0	0	0	0	0	0	0	0	3
34	51	0	0.194243476	0	0	0	0	0	0	0	0	0	0	3
35	52	0	0.19995652	0	0	0	0	0	0	0	0	0	0	3
36	53	0	0.205669563	0	0	0	0	0	0	0	0	0	0	3
37	55	0	0.211382607	0	0	0	0	0	0	0	0	0	0	3
38	56	0	0.21709565	0	0	0	0	0	0	0	0	0	0	3
39	57	0	0.222808693	0	0	0	0	0	0	0	0	0	0	3
40	59	0	0.228521737	0	0	0	0	0	0	0	0	0	0	3
41	60	0	0.23423478	0	0	0	0	0	0	0	0	0	0	3
42	62	0	0.239947824	0	0	0	0	0	0	0	0	0	0	3
43	63	0	0.245660867	0	0	0	0	0	0	0	0	0	0	3
44	65	0	0.25137391	0	0	0	0	0	0	0	0	0	0	3
45	66	0	0.257086954	0	0	0	0	0	0	0	0	0	0	3
46	68	0	0.262799997	0	0	0	0	0	0	0	0	0	0	3
47	69	0	0.268513041	0	0	0	0	0	0	0	0	0	0	3
48	71	0	0.274226084	0	0	0	0	0	0	0	0	0	0	3
49	72	0	0.279939128	0	0	0	0	0	0	0	0	0	0	3
50	74	0	0.285652171	0	0	0	0	0	0	0	0	0	0	3
51	75	0	0.291365214	0	0	0	0	0	0	0	0	0	0	3
52	77	0	0.297078258	0	0	0	0	0	0	0	0	0	0	3
53	78	0	0.302791301	0	0	0	0	0	0	0	0	0	0	3
54	80	0	0.308504345	0	0	0	0	0	0	0	0	0	0	3
55	81	0	0.314217388	0	0	0	0	0	0	0	0	0	0	3
56	83	0	0.319930432	0	0	0	0	0	0	0	0	0	0	3
57	84	0	0.325643475	0	0	0	0	0	0	0	0	0	0	3
58	85	0	0.331356518	0	0	0	0	0	0	0	0	0	0	3
59	87	0	0.337069562	0	0	0	0	0	0	0	0	0	0	3
60	88	0	0.342782605	0	0	0	0	0	0	0	0	0	0	3
61	90	0	0.348495649	0	0	0	0	0	0	0	0	0	0	3
62	91	0	0.354208692	0	0	0	0	0	0	0	0	0	0	3
63	93	0	0.359921735	0	0	0	0	0	0	0	0	0	0	3
64	94	0	0.365634779	0	0	0	0	0	0	0	0	0	0	3
65	96	0	0.371347822	0	0	0	0	0	0	0	0	0	0	3
66	97	0	0.377060866	0	0	0	0	0	0	0	0	0	0	3
67	98	0	0.382773909	0	0	0	0	0	0	0	0	0	0	3
68	100	0	0.388486953	0	0	0	0	0	0	0	0	0	0	3
69	101	0	0.394199996	0	0	0	0	0	0	0	0	0	0	3
70	103	0	0.399913039	0	0	0	0	0	0	0	0	0	0	3
71	104	0	0.405626083	0	0	0	0	0	0	0	0	0	0	3
72	105	0	0.411339126	0	0	0	0	0	0	0	0	0	0	3
73	107	0	0.41705217	0	0	0	0	0	0	0	0	0	0	3
74	108	0	0.422765213	0	0	0	0	0	0	0	0	0	0	3
75	110	0	0.428478257	0	0	0	0	0	0	0	0	0	0	3
76	111	0	0.4341913	0	0	0	0	0	0	0	0	0	0	3
77	113	0	0.439904343	0	0	0	0	0	0	0	0	0	0	3
78	114	0	0.445617387	0	0	0	0	0	0	0	0	0	0	3
79	115	0	0.45133043	0	0	0	0	0	0	0	0	0	0	3
80	117	0	0.457043474	0	0	0	0	0	0	0	0	0	0	3
81	118	0	0.462756517	0	0	0	0	0	0	0	0	0	0	3
82	120	0	0.46846956	0	0	0	0	0	0	0	0	0	0	3
83	121	0	0.474182604	0	0	0	0	0	0	0	0	0	0	3
84	122	0	0.479895647	0	0	0	0	0	0	0	0	0	0	3
85	124	0	0.485608691	0	0	0	0	0	0	0	0	0	0	3
86	125	0	0.491321734	0	0	0	0	0	0	0	0	0	0	3
87	127	0	0.497034778	0	0	0	0	0	0	0	0	0	0	3
88	128	0	0.502747821	0	0	0	0	0	0	0	0	0	0	3
89	130	0	0.508460864	0	0	0	0	0	0	0	0	0	0	3
90	131	0	0.514173908	0	0	0	0	0	0	0	0	0	0	3
91	132	0	0.519886951	0	0	0	0	0	0	0	0	0	0	3
92	134	0	0.525599995	0	0	0	0	0	0	0	0	0	0	3
93	135	0	0.531313038	0	0	0	0	0	0	0	0	0	0	3
94	137	0	0.537026082	0	0	0	0	0	0	0	0	0	0	3
95	138	0	0.542739125	0	0	0	0	0	0	0	0	0	0	3
96	139	0	0.548452168	0	0	0	0	0	0	0	0	0	0	3
97	141	0	0.554165212	0	0	0	0	0	0	0	0	0	0	3
98	142	0	0.559878255	0	0	0	0	0	0	0	0	0	0	3
99	144	0	0.565591299	0	0	0	0	0	0	0	0	0	0	3
100	145	0	0.571304342	0	0	0	0	0	0	0	0	0	0	3
101	150	0	0.577017385	0	0	0	0	0	0	0	0	0	0	3
102	152	0	0.582730429	0	0	0	0	0	0	0	0	0	0	3
103	153	0	0.588443472	0	0	0	0	0	0	0	0	0	0	3
104	154	0	0.594156516	0	0	0	0	0	0	0	0	0	0	3
105	156	0	0.599869559	0	0	0	0	0	0	0	0	0	0	3
106	157	0	0.605582603	0	0	0	0	0	0	0	0	0	0	3
107	158	0	0.611295646	0	0	0	0	0	0	0	0	0	0	3
108	160	0	0.617008689	0	0	0	0	0	0	0	0	0	0	3
109	161	0	0.622721733	0	0	0	0	0	0	0	0	0	0	3
110	162	0	0.628434776	0	0	0	0	0	0	0	0	0	0	3
111	164	0	0.63414782	0	0	0	0	0	0	0	0	0	0	3
112	165	0	0.639860863	0	0	0	0	0	0	0	0	0	0	3
113	166	0	0.645573906	0	0	0	0	0	0	0	0	0	0	3
114	168	0	0.65128695	0	0	0	0	0	0	0	0	0	0	3
115	169	0	0.656999993	0	0	0	0	0	0	0	0	0	0	3
116	170	0	0.662713037	0	0	0	0	0	0	0	0	0	0	3
117	172	0	0.66842608	0	0	0	0	0	0	0	0	0	0	3
118	173	0	0.674139124	0	0	0	0	0	0	0	0	0	0	3
119	174	0	0.679852167	0	0	0	0	0	0	0	0	0	0	3
120	176	0	0.68556521	0	0	0	0	0	0	0	0	0	0	3
121	177	0	0.691278254	0	0	0	0	0	0	0	0	0	0	3
122	178	0	0.696991297	0	0	0	0	0	0	0	0	0	0	3
123	180	0	0.702704341	0	0	0	0	0	0	0	0	0	0	3
124	181	0	0.708417384	0	0	0	0	0	0	0	0	0	0	3
125	183	0	0.714130428	0	0	0	0	0	0	0	0	0	0	3
126	184	0	0.719843471	0	0	0	0	0	0	0	0	0	0	3
127	186	0	0.725556514	0	0	0	0	0	0	0	0	0	0	3
128	187	0	0.731269558	0	0	0	0	0	0	0	0	0	0	3
129	189	0	0.736982601	0	0	0	0	0	0	0	0	0	0	3
130	190	0	0.742695645	0	0	0	0	0	0	0	0	0	0	3
131	192	0	0.748408688	0	0	0	0	0	0	0	0	0	0	3
132	193	0	0.754121731	0	0	0	0	0	0	0	0	0	0	3
133	194	0	0.759834775	0	0	0	0	0	0	0	0	0	0	3
134	196	0	0.765547818	0	0	0	0	0	0	0	0	0	0	3
135	197	0	0.771260862	0	0	0	0	0	0	0	0	0	0	3
136	199	0	0.776973905	0	0	0	0	0	0	0	0	0	0	3
137	200	0	0.782686949	0	0	0	0	0	0	0	0	0	0	3
138	201	0	0.788399992	0	0	0	0	0	0	0	0	0	0	3
139	203	0	0.794113035	0	0	0	0	0	0	0	0	0	0	3
140	204	0	0.799826079	0	0	0	0	0	0	0	0	0	0	3
141	205	0	0.805539122	0	0	0	0	0	0	0	0	0	0	3
142	207	0	0.811252166	0	0	0	0	0	0	0	0	0	0	3
143	208	0	0.816965209	0	0	0	0	0	0	0	0	0	0	3
144	210	0	0.822678253	0	0	0	0	0	0	0	0	0	0	3
145	211	0	0.828391296	0	0	0	0	0	0	0	0	0	0	3
146	212	0	0.834104339	0	0	0	0	0	0	0	0	0	0	3
147	214	0	0.839817383	0	0	0	0	0	0	0	0	0	0	3
148	215	0	0.845530426	0	0	0	0	0	0	0	0	0	0	3
149	216	0	0.85124347	0	0	0	0	0	0	0	0	0	0	3
150	218	0	0.856956513	0	0	0	0	0	0	0	0	0	0	3
151	219	0	0.862669556	0	0	0	0	0	0	0	0	0	0	3
152	220	0	0.8683826	0	0	0	0	0	0	0	0	0	0	3
153	222	0	0.874095643	0	0	0	0	0	0	0	0	0	0	3
154	223	0	0.879808687	0	0	0	0	0	0	0	0	0	0	3
155	224	0	0.88552173	0	0	0	0	0	0	0	0	0	0	3
156	226	0	0.891234774	0	0	0	0	0	0	0	0	0	0	3
157	227	0	0.896947817	0	0	0	0	0	0	0	0	0	0	3
158	228	0	0.90266086	0	0	0	0	0	0	0	0	0	0	3
159	230	0	0.908373904	0	0	0	0	0	0	0	0	0	0	3
160	231	0	0.914086947	0	0	0	0	0	0	0	0	0	0	3
161	233	0	0.919799991	0	0	0	0	0	0	0	0	0	0	3
162	234	0	0.925513034	0	0	0	0	0	0	0	0	0	0	3
163	235	0	0.931226078	0	0	0	0	0	0	0	0	0	0	3
164	237	0	0.936939121	0	0	0	0	0	0	0	0	0	0	3
165	238	0	0.942652164	0	0	0	0	0	0	0	0	0	0	3
166	239	0	0.948365208	0	0	0	0	0	0	0	0	0	0	3
167	241	0	0.954078251	0	0	0	0	0	0	0	0	0	0	3
168	242	0	0.959791295	0	0	0	0	0	0	0	0	0	0	3
169	243	0	0.965504338	0	0	0	0	0	0	0	0	0	0	3
170	245	0	0.971217381	0	0	0	0	0	0	0	0	0	0	3
171	246	0	0.976930425	0	0	0	0	0	0	0	0	0	0	3
172	247	0	0.982643468	0	0	0	0	0	0	0	0	0	0	3
173	249	0	0.988356512	0	0	0	0	0	0	0	0	0	0	3
174	250	0	0.994069555	0	0	0	0	0	0	0	0	0	0	3
175	251	0	0.999782599	0	0	0	0	0	0	0	0	0	0	3
176	253	0	1.00549564	0	0	0	0	0	1e-08	0	0	0	0	3
177	254	0	1.01120869	0	0	0	0	0	1e-08	0	0	0	0	3
178	255	0	1.01692173	0	0	0	0	0	1e-08	0	0	0	0	3
179	257	0	1.02263477	0	0	0	0	0	1e-08	0	0	0	0	3
180	258	0	1.02834782	0	0	0	0	0	1e-08	0	0	0	0	3
181	260	0	1.03406086	0	0	0	0	0	1e-08	0	0	0	0	3
182	261	0	1.0397739	0	0	0	0	0	1e-08	0	0	0	0	3
183	262	0	1.04548695	0	0	0	0	0	1e-08	0	0	0	0	3
184	264	0	1.05119999	0	0	0	0	0	1e-08	0	0	0	0	3
185	265	0	1.05691303	0	0	0	0	0	1e-08	0	0	0	0	3
186	266	0	1.06262608	0	0	0	0	0	1e-08	0	0	0	0	3
187	268	0	1.06833912	0	0	0	0	0	1e-08	0	0	0	0	3
188	269	0	1.07405216	0	0	0	0	0	1e-08	0	0	0	0	3
189	270	0	1.07976521	0	0	0	0	0	1e-08	0	0	0	0	3
190	272	0	1.08547825	0	0	0	0	0	1e-08	0	0	0	0	3
191	273	0	1.09119129	0	0	0	0	0	1e-08	0	0	0	0	3
192	274	0	1.09690434	0	0	0	0	0	1e-08	0	0	0	0	3
193	276	0	1.10261738	0	0	0	0	0	1e-08	0	0	0	0	3
194	277	0	1.10833042	0	0	0	0	0	1e-08	0	0	0	0	3
195	278	0	1.11404347	0	0	0	0	0	1e-08	0	0	0	0	3
196	280	0	1.11975651	0	0	0	0	0	1e-08	0	0	0	0	3
197	281	0	1.12546955	0	0	0	0	0	1e-08	0	0	0	0	3
198	282	0	1.1311826	0	0	0	0	0	1e-08	0	0	0	0	3
199	284	0	1.13689564	0	0	0	0	0	1e-08	0	0	0	0	3
200	285	0	1.14260868	0	0	0	0	0	1e-08	0	0	0	0	3
201	289	0	1.14832173	0	0	0	0	0	1e-08	0	0	0	0	3
202	291	0	1.15403477	0	0	0	0	0	1e-08	0	0	0	0	3
203	292	0	1.15974781	0	0	0	0	0	1e-08	0	0	0	0	3
