Iteration	CPUTime	PhysTime	Travels	Value	AvValue	MinValue	MaxValue	Delta	Criteria	PrevAvRefValue	Progress	CriteriaType	CriteriaVarType	CriteriaPercentage
1	7	0	0.00571304342	-11.1072259	-11.1072259	-11.1072259	-11.1072259	0	0	0	0	0	0	3
2	8	0	0.0114260868	-11.110903	-11.1090645	-11.110903	-11.1072259	0.00183852232	0	0	0	0	0	3
3	9	0	0.0171391303	-11.1306245	-11.1162511	-11.1306245	-11.1072259	0.00902520144	0	0	0	0	0	3
4	11	0	0.0228521737	-11.1007312	-11.1123711	-11.1306245	-11.1007312	0.00902520144	0	0	0	0	0	3
5	12	0	0.0285652171	-11.1216408	-11.1142251	-11.1306245	-11.1007312	0.00902520144	0	0	0	0	0	3
6	14	0	0.0342782605	-11.1118998	-11.1138375	-11.1306245	-11.1007312	0.00902520144	0	0	0	0	0	3
7	16	0	0.0399913039	-11.1139685	-11.1138562	-11.1306245	-11.1007312	0.00902520144	0	0	0	0	0	3
8	17	0	0.0457043474	-11.108949	-11.1132428	-11.1306245	-11.1007312	0.00902520144	0	0	0	0	0	3
9	19	0	0.0514173908	-11.1103388	-11.1129202	-11.1306245	-11.1007312	0.00902520144	0	0	0	0	0	3
10	20	0	0.0571304342	-11.1107463	-11.1127028	-11.1306245	-11.1007312	0.00902520144	0	0	0	0	0	3
11	22	0	0.0628434776	-11.1106028	-11.1125119	-11.1306245	-11.1007312	0.00902520144	0	0	0	0	0	3
12	23	0	0.068556521	-11.1096075	-11.1122698	-11.1306245	-11.1007312	0.00902520144	0	0	0	0	0	3
13	24	0	0.0742695645	-11.1100985	-11.1121028	-11.1306245	-11.1007312	0.00902520144	0	0	0	0	0	3
14	25	0	0.0799826079	-11.1100562	-11.1119566	-11.1306245	-11.1007312	0.00902520144	0	0	0	0	0	3
15	27	0	0.0856956513	-11.1089286	-11.1117548	-11.1306245	-11.1007312	0.00902520144	0	0	0	0	0	3
16	28	0	0.0914086947	-11.1101262	-11.111653	-11.1306245	-11.1007312	0.00902520144	0	0	0	0	0	3
17	29	0	0.0971217381	-11.1099524	-11.1115529	-11.1306245	-11.1007312	0.00902520144	0	0	0	0	0	3
18	31	0	0.102834782	-11.1091621	-11.1114201	-11.1306245	-11.1007312	0.00902520144	0	0	0	0	0	3
19	32	0	0.108547825	-11.1098576	-11.1113379	-11.1306245	-11.1007312	0.00902520144	0	0	0	0	0	3
20	33	0	0.114260868	-11.1094099	-11.1112415	-11.1306245	-11.1007312	0.00902520144	0	0	0	0	0	3
21	34	0	0.119973912	-11.1096336	-11.1111649	-11.1306245	-11.1007312	0.00902520144	0	0	0	0	0	3
22	35	0	0.125686955	-11.1092254	-11.1110768	-11.1306245	-11.1007312	0.00902520144	0	0	0	0	0	3
23	37	0	0.131399999	-11.1097594	-11.1110195	-11.1306245	-11.1007312	0.00902520144	0	0	0	0	0	3
24	38	0	0.137113042	-11.1098222	-11.1109696	-11.1306245	-11.1007312	0.00902520144	0	0	0	0	0	3
25	39	0	0.142826086	-11.1095431	-11.1109125	-11.1306245	-11.1007312	0.00902520144	0	0	0	0	0	3
26	41	0	0.148539129	-11.1094698	-11.110857	-11.1306245	-11.1007312	0.00902520144	0	0	0	0	0	3
27	42	0	0.154252172	-11.1094795	-11.110806	-11.1306245	-11.1007312	0.00902520144	0	0	0	0	0	3
28	43	0	0.159965216	-11.1093357	-11.1107535	-11.1306245	-11.1007312	0.00902520144	0	0	0	0	0	3
29	44	0	0.165678259	-11.1093683	-11.1107057	-11.1306245	-11.1007312	0.00902520144	0	0	0	0	0	3
30	45	0	0.171391303	-11.109346	-11.1106604	-11.1306245	-11.1007312	0.00902520144	0	0	0	0	0	3
31	47	0	0.177104346	-11.1092277	-11.1106142	-11.1306245	-11.1007312	0.00902520144	0	0	0	0	0	3
32	48	0	0.182817389	-11.1093393	-11.1105744	-11.1306245	-11.1007312	0.00902520144	0	0	0	0	0	3
33	49	0	0.188530433	-11.1093839	-11.1105383	-11.1306245	-11.1007312	0.00902520144	0	0	0	0	0	3
34	51	0	0.194243476	-11.1093303	-11.1105028	-11.1306245	-11.1007312	0.00902520144	0	0	0	0	0	3
35	52	0	0.19995652	-11.1093032	-11.1104685	-11.1306245	-11.1007312	0.00902520144	0	0	0	0	0	3
36	53	0	0.205669563	-11.1092812	-11.1104355	-11.1306245	-11.1007312	0.00902520144	0	0	0	0	0	3
37	55	0	0.211382607	-11.1092347	-11.110403	-11.1306245	-11.1007312	0.00902520144	0	0	0	0	0	3
38	56	0	0.21709565	-11.1091929	-11.1103712	-11.1306245	-11.1007312	0.00902520144	0	0	0	0	0	3
39	57	0	0.222808693	-11.1091601	-11.1103401	-11.1306245	-11.1007312	0.00902520144	0	0	0	0	0	3
40	59	0	0.228521737	-11.1091392	-11.1103101	-11.1306245	-11.1007312	0.00902520144	0	0	0	0	0	3
41	60	0	0.23423478	-11.1090811	-11.1102801	-11.1306245	-11.1007312	0.00902520144	0	0	0	0	0	3
42	62	0	0.239947824	-11.1090326	-11.1102504	-11.1306245	-11.1007312	0.00902520144	0	0	0	0	0	3
43	63	0	0.245660867	-11.1089509	-11.1102202	-11.1306245	-11.1007312	0.00902520144	0	0	0	0	0	3
44	65	0	0.25137391	-11.1088952	-11.1101901	-11.1306245	-11.1007312	0.00902520144	0	0	0	0	0	3
45	66	0	0.257086954	-11.1088637	-11.1101606	-11.1306245	-11.1007312	0.00902520144	0	0	0	0	0	3
46	68	0	0.262799997	-11.1088054	-11.1101312	-11.1306245	-11.1007312	0.00902520144	0	0	0	0	0	3
47	69	0	0.268513041	-11.1087718	-11.1101023	-11.1306245	-11.1007312	0.00902520144	0	0	0	0	0	3
48	71	0	0.274226084	-11.1087202	-11.1100735	-11.1306245	-11.1007312	0.00902520144	0	0	0	0	0	3
49	72	0	0.279939128	-11.1086647	-11.1100447	-11.1306245	-11.1007312	0.00902520144	0	0	0	0	0	3
50	74	0	0.285652171	-11.1086428	-11.1100167	-11.1306245	-11.1007312	0.00902520144	0	0	0	0	0	3
51	75	0	0.291365214	-11.1086195	-11.1099893	-11.1306245	-11.1007312	0.00902520144	0	0	0	0	0	3
52	77	0	0.297078258	-11.1085895	-11.1099624	-11.1306245	-11.1007312	0.00902520144	0	0	0	0	0	3
53	78	0	0.302791301	-11.1085759	-11.1099362	-11.1306245	-11.1007312	0.00902520144	0	0	0	0	0	3
54	80	0	0.308504345	-11.1085782	-11.109911	-11.1306245	-11.1007312	0.00902520144	0	0	0	0	0	3
55	81	0	0.314217388	-11.1085756	-11.1098868	-11.1306245	-11.1007312	0.00902520144	0	0	0	0	0	3
56	83	0	0.319930432	-11.1085829	-11.1098635	-11.1306245	-11.1007312	0.00902520144	0	0	0	0	0	3
57	84	0	0.325643475	-11.1085914	-11.1098412	-11.1306245	-11.1007312	0.00902520144	0	0	0	0	0	3
58	85	0	0.331356518	-11.1086032	-11.1098198	-11.1306245	-11.1007312	0.00902520144	0	0	0	0	0	3
59	87	0	0.337069562	-11.1086226	-11.1097995	-11.1306245	-11.1007312	0.00902520144	0	0	0	0	0	3
60	88	0	0.342782605	-11.1086436	-11.1097803	-11.1306245	-11.1007312	0.00902520144	0	0	0	0	0	3
61	90	0	0.348495649	-11.1086712	-11.1097621	-11.1306245	-11.1007312	0.00902520144	0	0	0	0	0	3
62	91	0	0.354208692	-11.1087012	-11.109745	-11.1306245	-11.1007312	0.00902520144	0	0	0	0	0	3
63	93	0	0.359921735	-11.1087405	-11.109729	-11.1306245	-11.1007312	0.00902520144	0	0	0	0	0	3
64	94	0	0.365634779	-11.1087758	-11.1097141	-11.1306245	-11.1007312	0.00902520144	0	0	0	0	0	3
65	96	0	0.371347822	-11.1088176	-11.1097003	-11.1306245	-11.1007312	0.00902520144	0	0	0	0	0	3
66	97	0	0.377060866	-11.108849	-11.1096874	-11.1306245	-11.1007312	0.00902520144	0	0	0	0	0	3
67	98	0	0.382773909	-11.1088816	-11.1096754	-11.1306245	-11.1007312	0.00902520144	0	0	0	0	0	3
68	100	0	0.388486953	-11.1089088	-11.1096641	-11.1306245	-11.1007312	0.00902520144	0	0	0	0	0	3
69	101	0	0.394199996	-11.1089376	-11.1096536	-11.1306245	-11.1007312	0.00902520144	0	0	0	0	0	3
70	103	0	0.399913039	-11.1089673	-11.1096438	-11.1306245	-11.1007312	0.00902520144	0	0	0	0	0	3
71	104	0	0.405626083	-11.1089997	-11.1096347	-11.1306245	-11.1007312	0.00902520144	0	0	0	0	0	3
72	105	0	0.411339126	-11.1090347	-11.1096264	-11.1306245	-11.1007312	0.00902520144	0	0	0	0	0	3
73	107	0	0.41705217	-11.1090727	-11.1096188	-11.1306245	-11.1007312	0.00902520144	0	0	0	0	0	3
74	108	0	0.422765213	-11.1091116	-11.109612	-11.1306245	-11.1007312	0.00902520144	0	0	0	0	0	3
75	110	0	0.428478257	-11.1091502	-11.1096058	-11.1306245	-11.1007312	0.00902520144	0	0	0	0	0	3
76	111	0	0.4341913	-11.1091879	-11.1096003	-11.1306245	-11.1007312	0.00902520144	0	0	0	0	0	3
77	113	0	0.439904343	-11.1092246	-11.1095954	-11.1306245	-11.1007312	0.00902520144	0	0	0	0	0	3
78	114	0	0.445617387	-11.1092614	-11.1095911	-11.1306245	-11.1007312	0.00902520144	0	0	0	0	0	3
79	115	0	0.45133043	-11.1092987	-11.1095874	-11.1306245	-11.1007312	0.00902520144	0	0	0	0	0	3
80	117	0	0.457043474	-11.1093358	-11.1095843	-11.1306245	-11.1007312	0.00902520144	0	0	0	0	0	3
81	118	0	0.462756517	-11.1093716	-11.1095817	-11.1306245	-11.1007312	0.00902520144	0	0	0	0	0	3
82	120	0	0.46846956	-11.1094056	-11.1095795	-11.1306245	-11.1007312	0.00902520144	0	0	0	0	0	3
83	121	0	0.474182604	-11.1094368	-11.1095778	-11.1306245	-11.1007312	0.00902520144	0	0	0	0	0	3
84	122	0	0.479895647	-11.1094652	-11.1095765	-11.1306245	-11.1007312	0.00902520144	0	0	0	0	0	3
85	124	0	0.485608691	-11.1094914	-11.1095755	-11.1306245	-11.1007312	0.00902520144	0	0	0	0	0	3
86	125	0	0.491321734	-11.1095156	-11.1095748	-11.1306245	-11.1007312	0.00902520144	0	0	0	0	0	3
87	127	0	0.497034778	-11.1095379	-11.1095743	-11.1306245	-11.1007312	0.00902520144	0	0	0	0	0	3
88	128	0	0.502747821	-11.1095583	-11.1095742	-11.1306245	-11.1007312	0.00902520144	0	0	0	0	0	3
89	130	0	0.508460864	-11.1095765	-11.1096009	-11.1306245	-11.1007312	0.00718667912	0	0	0	0	0	3
90	131	0	0.514173908	-11.1095924	-11.109586	-11.1306245	-11.1007312	0.00667697586	0	0	0	0	0	3
91	132	0	0.519886951	-11.109606	-11.1093471	-11.1216408	-11.1007312	0.00487795062	0	0	0	0	0	3
92	134	0	0.525599995	-11.1096174	-11.1094481	-11.1216408	-11.1085756	0.00487795062	0	0	0	0	0	3
93	135	0	0.531313038	-11.1096268	-11.1093116	-11.1139685	-11.1085756	0.00454465106	0	0	0	0	0	3
94	137	0	0.537026082	-11.1096343	-11.1092858	-11.1139685	-11.1085756	0.00457039507	0	0	0	0	0	3
95	138	0	0.542739125	-11.1096399	-11.1092367	-11.1107463	-11.1085756	0.00217064849	0	0	0	0	0	3
96	139	0	0.548452168	-11.1096441	-11.1092446	-11.1107463	-11.1085756	0.00217064849	0	0	0	0	0	3
97	141	0	0.554165212	-11.109647	-11.1092367	-11.1107463	-11.1085756	0.00217064849	0	0	0	0	0	3
98	142	0	0.559878255	-11.1096488	-11.1092242	-11.1106028	-11.1085756	0.00202715353	0	0	0	0	0	3
99	144	0	0.565591299	-11.1096493	-11.1092134	-11.1101262	-11.1085756	0.00155051792	0	0	0	0	0	3
100	145	0	0.571304342	-11.1096492	-11.1092139	-11.1101262	-11.1085756	0.00155051792	0	0	0	0	0	3
101	150	0	0.577017385	-11.1096481	-11.1092087	-11.1101262	-11.1085756	0.00155051792	0	0	0	0	0	3
102	152	0	0.582730429	-11.1096463	-11.1092041	-11.1101262	-11.1085756	0.00155051792	0	0	0	0	0	3
103	153	0	0.588443472	-11.1096436	-11.1092122	-11.1101262	-11.1085756	0.00155051792	0	0	0	0	0	3
104	154	0	0.594156516	-11.1096404	-11.1092067	-11.1099524	-11.1085756	0.00137676825	0	0	0	0	0	3
105	156	0	0.599869559	-11.1096364	-11.1092031	-11.1098576	-11.1085756	0.00128192212	0	0	0	0	0	3
106	157	0	0.605582603	-11.1096321	-11.1092084	-11.1098576	-11.1085756	0.00128192212	0	0	0	0	0	3
107	158	0	0.611295646	-11.1096272	-11.1092058	-11.1098222	-11.1085756	0.00124654403	0	0	0	0	0	3
108	160	0	0.617008689	-11.1096222	-11.1092082	-11.1098222	-11.1085756	0.00124654403	0	0	0	0	0	3
109	161	0	0.622721733	-11.1096168	-11.109208	-11.1098222	-11.1085756	0.00124654403	0	0	0	0	0	3
110	162	0	0.628434776	-11.1096111	-11.1092124	-11.1098222	-11.1085756	0.00124654403	0	0	0	0	0	3
111	164	0	0.63414782	-11.1096047	-11.1092107	-11.1098222	-11.1085756	0.00124654403	0	0	0	0	0	3
112	165	0	0.639860863	-11.1095978	-11.1092081	-11.1096493	-11.1085756	0.00107369298	0	0	0	0	0	3
113	166	0	0.645573906	-11.10959	-11.1092087	-11.1096493	-11.1085756	0.00107369298	0	0	0	0	0	3
114	168	0	0.65128695	-11.1095818	-11.1092099	-11.1096493	-11.1085756	0.00107369298	0	0	0	0	0	3
115	169	0	0.656999993	-11.1095742	-11.109211	-11.1096493	-11.1085756	0.00107369298	0	0	0	0	0	3
116	170	0	0.662713037	-11.1095655	-11.1092136	-11.1096493	-11.1085756	0.00107369298	0	0	0	0	0	3
117	172	0	0.66842608	-11.109558	-11.1092158	-11.1096493	-11.1085756	0.00107369298	0	0	0	0	0	3
118	173	0	0.674139124	-11.1095507	-11.1092181	-11.1096493	-11.1085756	0.00107369298	0	0	0	0	0	3
119	174	0	0.679852167	-11.1095434	-11.1092217	-11.1096493	-11.1085756	0.00107369298	0	0	0	0	0	3
120	176	0	0.68556521	-11.1095358	-11.1092239	-11.1096493	-11.1085756	0.00107369298	0	0	0	0	0	3
121	177	0	0.691278254	-11.1095285	-11.1092256	-11.1096493	-11.1085756	0.00107369298	0	0	0	0	0	3
122	178	0	0.696991297	-11.1095216	-11.1092277	-11.1096493	-11.1085756	0.00107369298	0	0	0	0	0	3
123	180	0	0.702704341	-11.1095148	-11.1092301	-11.1096493	-11.1085756	0.00107369298	0	0	0	0	0	3
124	181	0	0.708417384	-11.1095078	-11.1092327	-11.1096493	-11.1085756	0.00107369298	0	0	0	0	0	3
125	183	0	0.714130428	-11.1095014	-11.1092357	-11.1096493	-11.1085756	0.00107369298	0	0	0	0	0	3
126	184	0	0.719843471	-11.1094952	-11.1092392	-11.1096493	-11.1085756	0.00107369298	0	0	0	0	0	3
127	186	0	0.725556514	-11.1094889	-11.1092429	-11.1096493	-11.1085756	0.00107369298	0	0	0	0	0	3
128	187	0	0.731269558	-11.1094838	-11.1092468	-11.1096493	-11.1085756	0.00107369298	0	0	0	0	0	3
129	189	0	0.736982601	-11.1094789	-11.1092513	-11.1096493	-11.1085756	0.00104734786	0	0	0	0	0	3
130	190	0	0.742695645	-11.1094729	-11.1092564	-11.1096493	-11.1085756	0.00101712637	0	0	0	0	0	3
131	192	0	0.748408688	-11.1094686	-11.1092622	-11.1096493	-11.1085756	0.000987011373	0	0	0	0	0	3
132	193	0	0.754121731	-11.1094635	-11.1092687	-11.1096493	-11.1085756	0.000957536279	0	0	0	0	0	3
133	194	0	0.759834775	-11.1094578	-11.1092754	-11.1096493	-11.1085756	0.000928075589	0	0	0	0	0	3
134	196	0	0.765547818	-11.1094538	-11.1092828	-11.1096493	-11.1085756	0.000899153466	0	0	0	0	0	3
135	197	0	0.771260862	-11.1094493	-11.1092905	-11.1096493	-11.1085756	0.000870360294	0	0	0	0	0	3
136	199	0	0.776973905	-11.1094439	-11.1092987	-11.1096493	-11.1085756	0.000841609247	0	0	0	0	0	3
137	200	0	0.782686949	-11.1094404	-11.1093076	-11.1096493	-11.1085756	0.000813570267	0	0	0	0	0	3
138	201	0	0.788399992	-11.1094361	-11.1093166	-11.1096493	-11.1085756	0.000786173922	0	0	0	0	0	3
139	203	0	0.794113035	-11.1094307	-11.1093258	-11.1096493	-11.1085756	0.000759255532	0	0	0	0	0	3
140	204	0	0.799826079	-11.1094274	-11.1093353	-11.1096493	-11.1085756	0.000733096177	0	0	0	0	0	3
141	205	0	0.805539122	-11.1094234	-11.1093449	-11.1096493	-11.1085756	0.000707947531	0	0	0	0	0	3
142	207	0	0.811252166	-11.109418	-11.1093545	-11.1096493	-11.1085756	0.000683667472	0	0	0	0	0	3
143	208	0	0.816965209	-11.109415	-11.109364	-11.1096493	-11.1085829	0.000660384045	0	0	0	0	0	3
144	210	0	0.822678253	-11.1094107	-11.1093734	-11.1096493	-11.1085914	0.000638066991	0	0	0	0	0	3
145	211	0	0.828391296	-11.1094053	-11.1093827	-11.1096493	-11.1086032	0.000616721983	0	0	0	0	0	3
146	212	0	0.834104339	-11.1094022	-11.1093918	-11.1096493	-11.1086226	0.000596430662	0	0	0	0	0	3
147	214	0	0.839817383	-11.109398	-11.1094006	-11.1096493	-11.1086436	0.00057716515	0	0	0	0	0	3
148	215	0	0.845530426	-11.1093925	-11.1094091	-11.1096493	-11.1086712	0.000558983253	0	0	0	0	0	3
149	216	0	0.85124347	-11.1093895	-11.1094172	-11.1096493	-11.1087012	0.000541872836	0	0	0	0	0	3
150	218	0	0.856956513	-11.1093852	-11.109425	-11.1096493	-11.1087405	0.000525928661	0	0	0	0	0	3
151	219	0	0.862669556	-11.1093797	-11.1094323	-11.1096493	-11.1087758	0.000511035087	0	0	0	0	0	3
152	220	0	0.8683826	-11.1093768	-11.1094391	-11.1096493	-11.1088176	0.000497242966	0	0	0	0	0	3
153	222	0	0.874095643	-11.1093725	-11.1094454	-11.1096493	-11.108849	0.00048434449	0	0	0	0	0	3
154	223	0	0.879808687	-11.1093671	-11.1094513	-11.1096493	-11.1088816	0.000472317645	0	0	0	0	0	3
155	224	0	0.88552173	-11.1093643	-11.1094568	-11.1096493	-11.1089088	0.000461044409	0	0	0	0	0	3
156	226	0	0.891234774	-11.1093601	-11.1094619	-11.1096493	-11.1089376	0.000450514869	0	0	0	0	0	3
157	227	0	0.896947817	-11.1093546	-11.1094666	-11.1096493	-11.1089673	0.000440710867	0	0	0	0	0	3
158	228	0	0.90266086	-11.109352	-11.109471	-11.1096493	-11.1089997	0.000431638402	0	0	0	0	0	3
159	230	0	0.908373904	-11.1093478	-11.109475	-11.1096493	-11.1090347	0.000423304131	0	0	0	0	0	3
160	231	0	0.914086947	-11.1093424	-11.1094785	-11.1096493	-11.1090727	0.000415719666	0	0	0	0	0	3
161	233	0	0.919799991	-11.1093398	-11.1094815	-11.1096493	-11.1091116	0.000408865867	0	0	0	0	0	3
162	234	0	0.925513034	-11.1093356	-11.109484	-11.1096493	-11.1091502	0.000402709258	0	0	0	0	0	3
163	235	0	0.931226078	-11.1093302	-11.1094861	-11.1096493	-11.1091879	0.000397774545	0	0	0	0	0	3
164	237	0	0.936939121	-11.1093278	-11.1094877	-11.1096493	-11.1092246	0.000397774545	0	0	0	0	0	3
165	238	0	0.942652164	-11.1093238	-11.1094888	-11.1096493	-11.1092614	0.000387951651	0	0	0	0	0	3
166	239	0	0.948365208	-11.1093184	-11.1094895	-11.1096493	-11.1092987	0.000350650329	0	0	0	0	0	3
167	241	0	0.954078251	-11.1093163	-11.1094897	-11.1096493	-11.1093163	0.000333059125	0	0	0	0	0	3
168	242	0	0.959791295	-11.1093122	-11.1094894	-11.1096493	-11.1093122	0.000337104162	0	0	0	0	0	3
169	243	0	0.965504338	-11.109307	-11.1094887	-11.1096493	-11.109307	0.000342303593	0	0	0	0	0	3
170	245	0	0.971217381	-11.1093048	-11.1094875	-11.1096493	-11.1093048	0.000344531954	0	0	0	0	0	3
171	246	0	0.976930425	-11.1093008	-11.109486	-11.1096493	-11.1093008	0.000348530388	0	0	0	0	0	3
172	247	0	0.982643468	-11.1092956	-11.109484	-11.1096493	-11.1092956	0.000353735706	0	0	0	0	0	3
173	249	0	0.988356512	-11.1092933	-11.1094818	-11.1096493	-11.1092933	0.000356033552	0	0	0	0	0	3
174	250	0	0.994069555	-11.1092894	-11.1094792	-11.1096493	-11.1092894	0.000359965698	0	0	0	0	0	3
175	251	0	0.999782599	-11.1092843	-11.1094763	-11.1096493	-11.1092843	0.00036504038	0	0	0	0	0	3
176	253	0	1.00549564	-11.1092823	-11.1094732	-11.1096493	-11.1092823	0.000367074709	0.000896799707	0	100	0	0	3
177	254	0	1.01120869	-11.1092784	-11.1094698	-11.1096493	-11.1092784	0.000370912011	0.000896799707	0	100	0	0	3
178	255	0	1.01692173	-11.1092734	-11.1094662	-11.1096493	-11.1092734	0.000286564342	0.000896799707	0	100	0	0	3
179	257	0	1.02263477	-11.1092714	-11.1094624	-11.1096493	-11.1092714	0.000286564342	0.000896799707	0	100	0	0	3
180	258	0	1.02834782	-11.1092676	-11.1094584	-11.1096493	-11.1092676	0.000286564342	0.000896799707	0	100	0	0	3
181	260	0	1.03406086	-11.1092626	-11.1094543	-11.1096493	-11.1092626	0.000286564342	0.000896799707	0	100	0	0	3
182	261	0	1.0397739	-11.1092607	-11.10945	-11.1096493	-11.1092607	0.000286564342	0.000896799707	0	100	0	0	3
183	262	0	1.04548695	-11.109257	-11.1094457	-11.1096493	-11.109257	0.000286564342	0.000896799707	0	100	0	0	3
184	264	0	1.05119999	-11.109252	-11.1094412	-11.1096493	-11.109252	0.000286564342	0.000896799707	0	100	0	0	3
185	265	0	1.05691303	-11.1092502	-11.1094367	-11.1096493	-11.1092502	0.000286564342	0.000896799707	0	100	0	0	3
186	266	0	1.06262608	-11.1092465	-11.1094321	-11.1096493	-11.1092465	0.000286564342	0.000896799707	0	100	0	0	3
187	268	0	1.06833912	-11.1092416	-11.1094275	-11.1096492	-11.1092416	0.000286564342	0.000896799707	0	100	0	0	3
188	269	0	1.07405216	-11.1092397	-11.1094229	-11.1096481	-11.1092397	0.000286564342	0.000896799707	0	100	0	0	3
189	270	0	1.07976521	-11.109236	-11.1094182	-11.1096463	-11.109236	0.000286564342	0.000896799707	0	100	0	0	3
190	272	0	1.08547825	-11.109231	-11.1094135	-11.1096436	-11.109231	0.000286564342	0.000896799707	0	100	0	0	3
191	273	0	1.09119129	-11.1092293	-11.1094087	-11.1096404	-11.1092293	0.000286564342	0.000896799707	0	100	0	0	3
192	274	0	1.09690434	-11.1092255	-11.109404	-11.1096364	-11.1092255	0.000286564342	0.000896799707	0	100	0	0	3
193	276	0	1.10261738	-11.1092206	-11.1093993	-11.1096321	-11.1092206	0.000283841868	0.000896799707	0	100	0	0	3
194	277	0	1.10833042	-11.1092188	-11.1093946	-11.1096272	-11.1092188	0.000283841868	0.000896799707	0	100	0	0	3
195	278	0	1.11404347	-11.1092151	-11.1093899	-11.1096222	-11.1092151	0.000281619662	0.000896799707	0	100	0	0	3
196	280	0	1.11975651	-11.1092103	-11.1093852	-11.1096168	-11.1092103	0.000281619662	0.000896799707	0	100	0	0	3
197	281	0	1.12546955	-11.1092087	-11.1093806	-11.1096111	-11.1092087	0.000281543451	0.000896799707	0	100	0	0	3
198	282	0	1.1311826	-11.1092051	-11.109376	-11.1096047	-11.1092051	0.000281543451	0.000896799707	0	100	0	0	3
199	284	0	1.13689564	-11.1092004	-11.1093714	-11.1095978	-11.1092004	0.000281543451	0.000896799707	0	100	0	0	3
200	285	0	1.14260868	-11.1091988	-11.1093669	-11.10959	-11.1091988	0.000281010923	0.000896799707	0	100	0	0	3
201	289	0	1.14832173	-11.1091953	-11.1093624	-11.1095818	-11.1091953	0.00027973788	0.000896799707	0	100	0	0	3
202	291	0	1.15403477	-11.1091905	-11.1093579	-11.1095742	-11.1091905	0.000278661435	0.000896799707	0	100	0	0	3
203	292	0	1.15974781	-11.1091891	-11.1093536	-11.1095655	-11.1091891	0.000276050695	0.000896799707	0	100	0	0	3
