Iteration	CPUTime	PhysTime	Travels	Value	AvValue	MinValue	MaxValue	Delta	Criteria	PrevAvRefValue	Progress	CriteriaType	CriteriaVarType	CriteriaPercentage
1	2	0.000574810075	0.00406800871	-20.6106483	-20.6106483	-20.6106483	-20.6106483	0	0	0	0	0	0	3
2	3	0.00104926423	0.00813601742	-4.39076716	-13.2763756	-20.6106483	-4.39076716	7.33427271	0	0	0	0	0	3
3	4	0.00153531707	0.0122040261	-3.41491524	-10.1544206	-20.6106483	-3.41491524	10.4562277	0	0	0	0	0	3
4	4	0.0020229287	0.0162720348	-1.67901811	-8.11148908	-20.6106483	-1.67901811	12.4991593	0	0	0	0	0	3
5	5	0.00253409936	0.0203400435	-2.4402981	-6.96751403	-20.6106483	-1.67901811	13.6431343	0	0	0	0	0	3
6	5	0.00342724046	0.0244080522	-1.62619428	-5.57556261	-20.6106483	-1.62619428	15.0350857	0	0	0	0	0	3
7	6	0.00451361298	0.028476061	-2.14713006	-4.75038001	-20.6106483	-1.62619428	15.8602683	0	0	0	0	0	3
8	6	0.00564933041	0.0325440697	-1.65663688	-4.12842701	-20.6106483	-1.62619428	16.4822213	0	0	0	0	0	3
9	7	0.00678942584	0.0366120784	-1.95549011	-3.76354263	-20.6106483	-1.62619428	16.8471057	0	0	0	0	0	3
10	7	0.00792224406	0.0406800871	-1.62481309	-3.45772123	-20.6106483	-1.62481309	17.1529271	0	0	0	0	0	3
11	8	0.00961866247	0.0447480958	-1.76211863	-3.15867222	-20.6106483	-1.62481309	17.4519761	0	0	0	0	0	3
12	8	0.0113212621	0.0488161045	-1.57968275	-2.92120869	-20.6106483	-1.57968275	17.6894397	0	0	0	0	0	3
13	9	0.0130294514	0.0528841132	-1.6783494	-2.75826714	-20.6106483	-1.57968275	17.8523812	0	0	0	0	0	3
14	9	0.0147380679	0.0569521219	-1.55375331	-2.61862521	-20.6106483	-1.55375331	17.9920231	0	0	0	0	0	3
15	10	0.0164316866	0.0610201306	-1.60801729	-2.51446156	-20.6106483	-1.55375331	18.0961868	0	0	0	0	0	3
16	10	0.0189770338	0.0650881393	-1.54237306	-2.3840775	-20.6106483	-1.54237306	18.2265708	0	0	0	0	0	3
17	11	0.0214989259	0.069156148	-1.55622342	-2.28696759	-20.6106483	-1.54237306	18.3236808	0	0	0	0	0	3
18	11	0.024031884	0.0732241567	-1.50076167	-2.20410157	-20.6106483	-1.50076167	18.4065468	0	0	0	0	0	3
19	12	0.026558372	0.0772921654	-1.48768506	-2.13594914	-20.6106483	-1.48768506	18.4746992	0	0	0	0	0	3
20	12	0.0290938885	0.0813601742	-1.46073881	-2.07710492	-20.6106483	-1.46073881	18.5335434	0	0	0	0	0	3
21	13	0.0329106349	0.0854281829	-1.46165079	-2.00572884	-20.6106483	-1.46073881	18.6049195	0	0	0	0	0	3
22	13	0.0367381339	0.0894961916	-1.40468761	-1.9431104	-20.6106483	-1.40468761	18.6675379	0	0	0	0	0	3
23	14	0.0405939179	0.0935642003	-1.4132319	-1.89278027	-20.6106483	-1.40468761	18.7178681	0	0	0	0	0	3
24	14	0.0444581626	0.097632209	-1.39240189	-1.84928804	-20.6106483	-1.39240189	18.7613603	0	0	0	0	0	3
25	15	0.0483404541	0.101700218	-1.37576452	-1.81125869	-20.6106483	-1.37576452	18.7993897	0	0	0	0	0	3
26	15	0.0541576822	0.105768226	-1.37002694	-1.76386475	-20.6106483	-1.37002694	18.8467836	0	0	0	0	0	3
27	16	0.0599988886	0.109836235	-1.36187988	-1.72472942	-20.6106483	-1.36187988	18.8859189	0	0	0	0	0	3
28	16	0.0658428713	0.113904244	-1.35829464	-1.69220595	-20.6106483	-1.35829464	18.9184424	0	0	0	0	0	3
29	17	0.0717359541	0.117972253	-1.35135906	-1.6642055	-20.6106483	-1.35135906	18.9464428	0	0	0	0	0	3
30	17	0.0776390428	0.122040261	-1.33251949	-1.63898659	-20.6106483	-1.33251949	18.9716618	0	0	0	0	0	3
31	18	0.0854256947	0.12610827	-1.33355786	-1.6111464	-20.6106483	-1.33251949	18.9995019	0	0	0	0	0	3
32	18	0.0931595987	0.130176279	-1.31882003	-1.58687812	-20.6106483	-1.31882003	19.0237702	0	0	0	0	0	3
33	19	0.101024201	0.134244287	-1.31710769	-1.56587684	-20.6106483	-1.31710769	19.0447715	0	0	0	0	0	3
34	19	0.108751091	0.138312296	-1.31810336	-1.54827225	-20.6106483	-1.31710769	19.0623761	0	0	0	0	0	3
35	20	0.116545906	0.142380305	-1.31058887	-1.53237552	-20.6106483	-1.31058887	19.0782728	0	0	0	0	0	3
36	20	0.124219485	0.146448313	-1.31101317	-1.51870101	-20.6106483	-1.31058887	19.0919473	0	0	0	0	0	3
37	21	0.13200356	0.150516322	-1.30486254	-1.50609124	-20.6106483	-1.30486254	19.1045571	0	0	0	0	0	3
38	22	0.139661288	0.154584331	-1.30463188	-1.49504508	-20.6106483	-1.30463188	19.1156033	0	0	0	0	0	3
39	22	0.147462692	0.15865234	-1.30189605	-1.48482667	-20.6106483	-1.30189605	19.1258217	0	0	0	0	0	3
40	23	0.155107572	0.162720348	-1.30369011	-1.47589888	-20.6106483	-1.30189605	19.1347495	0	0	0	0	0	3
41	23	0.162943559	0.166788357	-1.29618772	-1.46725654	-20.6106483	-1.29618772	19.1433918	0	0	0	0	0	3
42	24	0.170565025	0.170856366	-1.3124958	-1.46034127	-20.6106483	-1.29618772	19.1503071	0	0	0	0	0	3
43	25	0.178408284	0.174924374	-1.30185781	-1.45337395	-20.6106483	-1.29618772	19.1572744	0	0	0	0	0	3
44	26	0.186001605	0.178992383	-1.30882398	-1.44747285	-20.6106483	-1.29618772	19.1631755	0	0	0	0	0	3
45	27	0.19383651	0.183060392	-1.29911166	-1.44147607	-20.6106483	-1.29618772	19.1691723	0	0	0	0	0	3
46	27	0.201412519	0.187128401	-1.3064642	-1.43639768	-20.6106483	-1.29618772	19.1742507	0	0	0	0	0	3
47	28	0.209216051	0.191196409	-1.29525424	-1.43113318	-20.6106483	-1.29525424	19.1795152	0	0	0	0	0	3
48	29	0.216778936	0.195264418	-1.30484178	-1.42672718	-20.6106483	-1.29525424	19.1839212	0	0	0	0	0	3
49	30	0.224545716	0.199332427	-1.29615473	-1.42221083	-20.6106483	-1.29525424	19.1884375	0	0	0	0	0	3
50	31	0.232180537	0.203400435	-1.3070673	-1.41842455	-20.6106483	-1.29525424	19.1922238	0	0	0	0	0	3
51	32	0.240002115	0.207468444	-1.30328868	-1.41467232	-20.6106483	-1.29525424	19.195976	0	0	0	0	0	3
52	33	0.247656511	0.211536453	-1.31131753	-1.4114779	-20.6106483	-1.29525424	19.1991704	0	0	0	0	0	3
53	33	0.255459755	0.215604461	-1.30659441	-1.40827414	-20.6106483	-1.29525424	19.2023742	0	0	0	0	0	3
54	34	0.26312011	0.21967247	-1.3083563	-1.40536518	-20.6106483	-1.29525424	19.2052832	0	0	0	0	0	3
55	35	0.270923152	0.223740479	-1.30592318	-1.40250108	-20.6106483	-1.29525424	19.2081473	0	0	0	0	0	3
56	35	0.278588298	0.227808488	-1.31138296	-1.39999404	-20.6106483	-1.29525424	19.2106543	0	0	0	0	0	3
57	36	0.286389366	0.231876496	-1.30632731	-1.39744261	-20.6106483	-1.29525424	19.2132057	0	0	0	0	0	3
58	37	0.294060451	0.235944505	-1.32084585	-1.39544445	-20.6106483	-1.29525424	19.2152039	0	0	0	0	0	3
59	37	0.301869015	0.240012514	-1.3186102	-1.39345695	-20.6106483	-1.29525424	19.2171914	0	0	0	0	0	3
60	38	0.309545981	0.244080522	-1.33013221	-1.39188645	-20.6106483	-1.29525424	19.2187619	0	0	0	0	0	3
61	38	0.31735209	0.248148531	-1.32221335	-1.39017266	-20.6106483	-1.29525424	19.2204757	0	0	0	0	0	3
62	39	0.32503544	0.25221654	-1.32813592	-1.3887062	-20.6106483	-1.29525424	19.2219421	0	0	0	0	0	3
63	40	0.332841432	0.256284549	-1.32384526	-1.38718504	-20.6106483	-1.29525424	19.2234633	0	0	0	0	0	3
64	40	0.340522803	0.260352557	-1.32628246	-1.38581123	-20.6106483	-1.29525424	19.2248371	0	0	0	0	0	3
65	41	0.348335913	0.264420566	-1.31739403	-1.38427664	-20.6106483	-1.29525424	19.2263717	0	0	0	0	0	3
66	41	0.356024342	0.268488575	-1.32630263	-1.38302468	-20.6106483	-1.29525424	19.2276237	0	0	0	0	0	3
67	42	0.363844716	0.272556583	-1.33534865	-1.38199995	-20.6106483	-1.29525424	19.2286484	0	0	0	0	0	3
68	43	0.371540994	0.276624592	-1.33173568	-1.38095875	-20.6106483	-1.29525424	19.2296896	0	0	0	0	0	3
69	43	0.37935696	0.280692601	-1.33473158	-1.38000632	-20.6106483	-1.29525424	19.230642	0	0	0	0	0	3
70	44	0.387059083	0.28476061	-1.33420216	-1.37909486	-20.6106483	-1.29525424	19.2315535	0	0	0	0	0	3
71	44	0.39488066	0.288828618	-1.33358637	-1.37819345	-20.6106483	-1.29525424	19.2324549	0	0	0	0	0	3
72	45	0.402591604	0.292896627	-1.33219618	-1.37731246	-20.6106483	-1.29525424	19.2333359	0	0	0	0	0	3
73	46	0.410394164	0.296964636	-1.33442322	-1.37649703	-20.6106483	-1.29525424	19.2341513	0	0	0	0	0	3
74	46	0.418100995	0.301032644	-1.32643981	-1.37557433	-20.6106483	-1.29525424	19.235074	0	0	0	0	0	3
75	47	0.425895937	0.305100653	-1.328637	-1.37471526	-20.6106483	-1.29525424	19.2359331	0	0	0	0	0	3
76	47	0.433608495	0.309168662	-1.3280646	-1.37388549	-20.6106483	-1.29525424	19.2367629	0	0	0	0	0	3
77	48	0.441418231	0.31323667	-1.32958536	-1.37310171	-20.6106483	-1.29525424	19.2375466	0	0	0	0	0	3
78	49	0.44912718	0.317304679	-1.33584485	-1.37246223	-20.6106483	-1.29525424	19.2381861	0	0	0	0	0	3
79	49	0.456954883	0.321372688	-1.3357559	-1.37183344	-20.6106483	-1.29525424	19.2388149	0	0	0	0	0	3
80	50	0.46467008	0.325440697	-1.33337839	-1.37119495	-20.6106483	-1.29525424	19.2394534	0	0	0	0	0	3
81	51	0.472480179	0.329508705	-1.33770316	-1.37064133	-20.6106483	-1.29525424	19.240007	0	0	0	0	0	3
82	51	0.480202249	0.333576714	-1.33240206	-1.37002641	-20.6106483	-1.29525424	19.2406219	0	0	0	0	0	3
83	52	0.487986234	0.337644723	-1.33036283	-1.36939373	-20.6106483	-1.29525424	19.2412546	0	0	0	0	0	3
84	53	0.495706508	0.341712731	-1.33544361	-1.36886498	-20.6106483	-1.29525424	19.2417834	0	0	0	0	0	3
85	53	0.503503326	0.34578074	-1.32676863	-1.36821311	-20.6106483	-1.29525424	19.2424352	0	0	0	0	0	3
86	54	0.511144315	0.349848749	-1.32816435	-1.36761443	-20.6106483	-1.29525424	19.2430339	0	0	0	0	0	3
87	54	0.518920862	0.353916758	-1.32587576	-1.36698893	-20.6106483	-1.29525424	19.2436594	0	0	0	0	0	3
88	55	0.526608264	0.357984766	-1.33534744	-1.36652703	-20.6106483	-1.29525424	19.2441213	0	0	0	0	0	3
89	56	0.534404064	0.362052775	-1.32775693	-1.36596146	-20.6106483	-1.29525424	19.2446869	0	0	0	0	0	3
90	56	0.542032968	0.366120784	-1.33509057	-1.36552696	-20.6106483	-1.29525424	19.2451214	0	0	0	0	0	3
91	57	0.549804261	0.370188792	-1.32683284	-1.36498004	-20.6106483	-1.29525424	19.2456683	0	0	0	0	0	3
92	57	0.557484313	0.374256801	-1.33748149	-1.36460121	-20.6106483	-1.29525424	19.2460471	0	0	0	0	0	3
93	58	0.565297333	0.37832481	-1.32820311	-1.36409815	-20.6106483	-1.29525424	19.2465502	0	0	0	0	0	3
94	58	0.57298624	0.382392819	-1.33165316	-1.36366277	-20.6106483	-1.29525424	19.2469856	0	0	0	0	0	3
95	59	0.580776585	0.386460827	-1.33018754	-1.36321374	-20.6106483	-1.29525424	19.2474346	0	0	0	0	0	3
96	59	0.588469482	0.390528836	-1.33526345	-1.36284836	-20.6106483	-1.29525424	19.2478	0	0	0	0	0	3
97	60	0.59630006	0.394596845	-1.33113765	-1.36243193	-20.6106483	-1.29525424	19.2482164	0	0	0	0	0	3
98	60	0.603990526	0.398664853	-1.33418785	-1.36207231	-20.6106483	-1.29525424	19.248576	0	0	0	0	0	3
99	61	0.611797241	0.402732862	-1.32839164	-1.36164253	-20.6106483	-1.29525424	19.2490058	0	0	0	0	0	3
100	62	0.619495084	0.406800871	-1.32368329	-1.36117085	-20.6106483	-1.29525424	19.2494775	0	0	0	0	0	3
101	63	0.627300801	0.410868879	-1.32460138	-1.36071581	-20.6106483	-1.29525424	19.2499325	0	0	0	0	0	3
102	64	0.635025983	0.414936888	-1.32817805	-1.36031998	-20.6106483	-1.29525424	19.2503284	0	0	0	0	0	3
103	64	0.642836444	0.419004897	-1.32748651	-1.35992105	-20.6106483	-1.29525424	19.2507273	0	0	0	0	0	3
104	65	0.650579097	0.423072906	-1.33244279	-1.35959403	-20.6106483	-1.29525424	19.2510543	0	0	0	0	0	3
105	65	0.658420143	0.427140914	-1.33177063	-1.35926268	-20.6106483	-1.29525424	19.2513857	0	0	0	0	0	3
106	66	0.666175687	0.431208923	-1.33688403	-1.35900215	-20.6106483	-1.29525424	19.2516462	0	0	0	0	0	3
107	66	0.673993312	0.435276932	-1.32951922	-1.35866018	-20.6106483	-1.29525424	19.2519882	0	0	0	0	0	3
108	67	0.681752947	0.43934494	-1.33431742	-1.35838312	-20.6106483	-1.29525424	19.2522652	0	0	0	0	0	3
109	67	0.689553301	0.443412949	-1.33026633	-1.35806505	-20.6106483	-1.29525424	19.2525833	0	0	0	0	0	3
110	68	0.697313385	0.447480958	-1.33194231	-1.35777435	-20.6106483	-1.29525424	19.252874	0	0	0	0	0	3
111	69	0.705142576	0.451548967	-1.33294997	-1.35749872	-20.6106483	-1.29525424	19.2531496	0	0	0	0	0	3
112	69	0.712908196	0.455616975	-1.33978974	-1.35730582	-20.6106483	-1.29525424	19.2533425	0	0	0	0	0	3
113	70	0.720724886	0.459684984	-1.32827614	-1.35699097	-20.6106483	-1.29525424	19.2536574	0	0	0	0	0	3
114	70	0.728503754	0.463752993	-1.33251373	-1.35672961	-20.6106483	-1.29525424	19.2539187	0	0	0	0	0	3
115	71	0.736300035	0.467821001	-1.32849049	-1.3564306	-20.6106483	-1.29525424	19.2542177	0	0	0	0	0	3
116	72	0.744072857	0.47188901	-1.32822748	-1.35613598	-20.6106483	-1.29525424	19.2545124	0	0	0	0	0	3
117	72	0.751871243	0.475957019	-1.33427459	-1.35590924	-20.6106483	-1.29525424	19.2547391	0	0	0	0	0	3
118	73	0.759649046	0.480025027	-1.33377062	-1.35568257	-20.6106483	-1.29525424	19.2549658	0	0	0	0	0	3
119	73	0.767435177	0.484093036	-1.33572567	-1.35548009	-20.6106483	-1.29525424	19.2551683	0	0	0	0	0	3
120	74	0.775214214	0.488161045	-1.33047387	-1.35522916	-20.6106483	-1.29525424	19.2554192	0	0	0	0	0	3
121	74	0.782997952	0.492229054	-1.33064141	-1.35498474	-20.6106483	-1.29525424	19.2556636	0	0	0	0	0	3
122	75	0.790779317	0.496297062	-1.33033168	-1.35474215	-20.6106483	-1.29525424	19.2559062	0	0	0	0	0	3
123	76	0.798591864	0.500365071	-1.3307762	-1.35450769	-20.6106483	-1.29525424	19.2561407	0	0	0	0	0	3
124	76	0.806373538	0.50443308	-1.33801524	-1.34061221	-4.39076716	-1.29525424	3.09551292	0	0	0	0	0	3
125	77	0.814195649	0.508501088	-1.33149051	-1.33874476	-3.41491524	-1.29525424	2.119661	0	0	0	0	0	3
126	77	0.821976331	0.512569097	-1.33520795	-1.33748123	-2.4402981	-1.29525424	1.14504387	0	0	0	0	0	3
127	78	0.82980313	0.516637106	-1.33319737	-1.33723954	-2.4402981	-1.29525424	1.14504387	0	0	0	0	0	3
128	78	0.837582451	0.520705115	-1.3330472	-1.33652526	-2.14713006	-1.29525424	0.851875829	0	0	0	0	0	3
129	79	0.845434391	0.524773123	-1.33651073	-1.33621786	-2.14713006	-1.29525424	0.851875829	0	0	0	0	0	3
130	80	0.853216921	0.528841132	-1.33278722	-1.3351484	-1.95549011	-1.29525424	0.660235872	0	0	0	0	0	3
131	80	0.861074641	0.532909141	-1.32819627	-1.33465771	-1.95549011	-1.29525424	0.660235872	0	0	0	0	0	3
132	81	0.868858756	0.536977149	-1.32766754	-1.33377354	-1.76211863	-1.29525424	0.46686439	0	0	0	0	0	3
133	81	0.87671605	0.541045158	-1.32930163	-1.33335361	-1.76211863	-1.29525424	0.46686439	0	0	0	0	0	3
134	82	0.884502905	0.545113167	-1.32712783	-1.33246681	-1.6783494	-1.29525424	0.383095165	0	0	0	0	0	3
135	82	0.892362902	0.549181176	-1.33404254	-1.33200313	-1.6783494	-1.29525424	0.383095165	0	0	0	0	0	3
136	83	0.900153913	0.553249184	-1.33015047	-1.33131996	-1.60801729	-1.29525424	0.312763056	0	0	0	0	0	3
137	84	0.908004742	0.557317193	-1.33443173	-1.33092184	-1.60801729	-1.29525424	0.312763056	0	0	0	0	0	3
138	84	0.915800887	0.561385202	-1.33721563	-1.33045459	-1.55622342	-1.29525424	0.260969182	0	0	0	0	0	3
139	85	0.92366324	0.56545321	-1.33580914	-1.32990489	-1.55622342	-1.29525424	0.260969182	0	0	0	0	0	3
140	85	0.931463791	0.569521219	-1.3340151	-1.3293129	-1.50076167	-1.29525424	0.205507433	0	0	0	0	0	3
141	86	0.939313274	0.573589228	-1.33718497	-1.32890595	-1.48768506	-1.29525424	0.192430826	0	0	0	0	0	3
142	86	0.94711927	0.577657236	-1.33537395	-1.32852502	-1.46165079	-1.29525424	0.16639656	0	0	0	0	0	3
143	87	0.954994299	0.581725245	-1.33420595	-1.32821128	-1.46165079	-1.29525424	0.16639656	0	0	0	0	0	3
144	88	0.962800234	0.585793254	-1.33604419	-1.32772933	-1.4132319	-1.29525424	0.117977665	0	0	0	0	0	3
145	88	0.970689201	0.589861263	-1.33455857	-1.32747163	-1.4132319	-1.29525424	0.117977665	0	0	0	0	0	3
146	89	0.978489068	0.593929271	-1.32982301	-1.32713861	-1.39240189	-1.29525424	0.0971476556	0	0	0	0	0	3
147	89	0.986379	0.59799728	-1.33042224	-1.32689837	-1.37576452	-1.29525424	0.0805102887	0	0	0	0	0	3
148	90	0.994177841	0.602065289	-1.33251415	-1.3267441	-1.37002694	-1.29525424	0.0747727023	0	0	0	0	0	3
149	91	1.00206406	0.606133297	-1.33396527	-1.32653856	-1.36187988	-1.29525424	0.0666256483	0	0	0	0	0	3
150	91	1.00986926	0.610201306	-1.33482564	-1.32638932	-1.35829464	-1.29525424	0.0630404042	0	0	0	0	0	3
151	92	1.01775504	0.614269315	-1.33373621	-1.32625431	-1.35135906	-1.29525424	0.0561048205	0	0	0	0	0	3
152	92	1.02556584	0.618337324	-1.33286715	-1.32615336	-1.33978974	-1.29525424	0.0445355087	0	0	0	0	0	3
153	93	1.03347085	0.622405332	-1.33173108	-1.32616017	-1.33978974	-1.29525424	0.0445355087	0	0	0	0	0	3
154	93	1.04127712	0.626473341	-1.33088201	-1.32613847	-1.33978974	-1.29525424	0.0445355087	0	0	0	0	0	3
155	94	1.04915301	0.63054135	-1.32762502	-1.32620992	-1.33978974	-1.29525424	0.0445355087	0	0	0	0	0	3
156	94	1.05696418	0.634609358	-1.33030691	-1.32631828	-1.33978974	-1.29525424	0.0445355087	0	0	0	0	0	3
157	95	1.06484366	0.638677367	-1.33039298	-1.32641826	-1.33978974	-1.29525424	0.0445355087	0	0	0	0	0	3
158	95	1.07266287	0.642745376	-1.33201756	-1.3265931	-1.33978974	-1.29525424	0.0445355087	0	0	0	0	0	3
159	96	1.08053013	0.646813384	-1.33433036	-1.32678176	-1.33978974	-1.29525424	0.0445355087	0	0	0	0	0	3
160	97	1.08834799	0.650881393	-1.33191815	-1.32700216	-1.33978974	-1.29525424	0.0445355087	0	0	0	0	0	3
161	97	1.09622513	0.654949402	-1.33581559	-1.32725382	-1.33978974	-1.29525424	0.0445355087	0	0	0	0	0	3
162	98	1.10403693	0.659017411	-1.33270745	-1.32750517	-1.33978974	-1.29525424	0.0445355087	0	0	0	0	0	3
163	98	1.11188511	0.663085419	-1.33856099	-1.32778614	-1.33978974	-1.29525424	0.0445355087	0	0	0	0	0	3
164	99	1.11969023	0.667153428	-1.33391483	-1.32809494	-1.33978974	-1.29525424	0.0445355087	0	0	0	0	0	3
165	100	1.12754699	0.671221437	-1.34361722	-1.32834661	-1.34361722	-1.29525424	0.0483629837	0	0	0	0	0	3
166	100	1.13535495	0.675289445	-1.33135878	-1.32858829	-1.34361722	-1.29525424	0.0483629837	0	0	0	0	0	3
167	101	1.14323484	0.679357454	-1.34161833	-1.32885234	-1.34361722	-1.29525424	0.0483629837	0	0	0	0	0	3
168	102	1.15104149	0.683425463	-1.33651156	-1.32915824	-1.34361722	-1.29525424	0.0483629837	0	0	0	0	0	3
169	102	1.15891079	0.687493472	-1.33874048	-1.32941655	-1.34361722	-1.29525424	0.0483629837	0	0	0	0	0	3
170	103	1.16672697	0.69156148	-1.33927232	-1.32977542	-1.34361722	-1.29615473	0.0474624853	0	0	0	0	0	3
171	103	1.17459436	0.695629489	-1.33992648	-1.33005567	-1.34361722	-1.29615473	0.0474624853	0	0	0	0	0	3
172	104	1.18240463	0.699697498	-1.33629005	-1.33038139	-1.34361722	-1.30328868	0.04032854	0	0	0	0	0	3
173	105	1.19027533	0.703765506	-1.33851475	-1.33063399	-1.34361722	-1.30328868	0.04032854	0	0	0	0	0	3
174	105	1.19808719	0.707833515	-1.33742128	-1.33091258	-1.34361722	-1.30592318	0.0376940398	0	0	0	0	0	3
175	106	1.20595274	0.711901524	-1.34240168	-1.33116339	-1.34361722	-1.30592318	0.0376940398	0	0	0	0	0	3
176	106	1.21376801	0.715969533	-1.33905477	-1.33142781	-1.34361722	-1.30592318	0.0376940398	0	0	0	0	0	3
177	107	1.22163243	0.720037541	-1.34216846	-1.33170032	-1.34361722	-1.30592318	0.0376940398	0	0	0	0	0	3
178	107	1.22944866	0.72410555	-1.34325722	-1.3320044	-1.34361722	-1.30632731	0.0372899043	0	0	0	0	0	3
179	108	1.23729275	0.728173559	-1.3347043	-1.33219137	-1.34361722	-1.30632731	0.0372899043	0	0	0	0	0	3
180	108	1.24511138	0.732241567	-1.33930176	-1.33245981	-1.34361722	-1.31739403	0.0262231888	0	0	0	0	0	3
181	109	1.25296172	0.736309576	-1.3359644	-1.33258141	-1.34361722	-1.31739403	0.0262231888	0	0	0	0	0	3
182	110	1.26077583	0.740377585	-1.34017627	-1.33275707	-1.34361722	-1.31739403	0.0262231888	0	0	0	0	0	3
183	110	1.26862434	0.744445593	-1.34069348	-1.33284303	-1.34361722	-1.31739403	0.0262231888	0	0	0	0	0	3
184	111	1.27642909	0.748513602	-1.33732896	-1.33296605	-1.34361722	-1.31739403	0.0262231888	0	0	0	0	0	3
185	111	1.28427278	0.752581611	-1.33761327	-1.33304274	-1.34361722	-1.31739403	0.0262231888	0	0	0	0	0	3
186	112	1.29208293	0.75664962	-1.33926467	-1.33316824	-1.34361722	-1.31739403	0.0262231888	0	0	0	0	0	3
187	112	1.29992521	0.760717628	-1.33499133	-1.33323828	-1.34361722	-1.31739403	0.0262231888	0	0	0	0	0	3
188	113	1.30773866	0.764785637	-1.33568203	-1.33338721	-1.34361722	-1.32368329	0.0199339266	0	0	0	0	0	3
189	113	1.31557761	0.768853646	-1.33174934	-1.33343059	-1.34361722	-1.32368329	0.0199339266	0	0	0	0	0	3
190	114	1.32338727	0.772921654	-1.33265384	-1.33340864	-1.34361722	-1.32368329	0.0199339266	0	0	0	0	0	3
191	114	1.33123226	0.776989663	-1.32925572	-1.33338811	-1.34361722	-1.32368329	0.0199339266	0	0	0	0	0	3
192	115	1.33903654	0.781057672	-1.33638731	-1.33340156	-1.34361722	-1.32368329	0.0199339266	0	0	0	0	0	3
193	115	1.34688486	0.785125681	-1.33163559	-1.33338069	-1.34361722	-1.32368329	0.0199339266	0	0	0	0	0	3
194	116	1.35469101	0.789193689	-1.33688388	-1.33340751	-1.34361722	-1.32368329	0.0199339266	0	0	0	0	0	3
195	116	1.36253562	0.793261698	-1.33611851	-1.33343939	-1.34361722	-1.32368329	0.0199339266	0	0	0	0	0	3
196	117	1.37033738	0.797329707	-1.33760524	-1.33346525	-1.34361722	-1.32368329	0.0199339266	0	0	0	0	0	3
197	117	1.37817397	0.801397715	-1.33544051	-1.33353777	-1.34361722	-1.32368329	0.0199339266	0	0	0	0	0	3
198	118	1.38597765	0.805465724	-1.33168636	-1.33356251	-1.34361722	-1.32368329	0.0199339266	0	0	0	0	0	3
199	118	1.39381673	0.809533733	-1.33162448	-1.33359085	-1.34361722	-1.32368329	0.0199339266	0	0	0	0	0	3
200	119	1.4016211	0.813601742	-1.33172956	-1.3336083	-1.34361722	-1.32368329	0.0199339266	0	0	0	0	0	3
201	121	1.40946077	0.81766975	-1.33150716	-1.33357319	-1.34361722	-1.32368329	0.0199339266	0	0	0	0	0	3
202	121	1.41726892	0.821737759	-1.33042857	-1.33352983	-1.34361722	-1.32368329	0.0199339266	0	0	0	0	0	3
203	122	1.42510746	0.825805768	-1.33379565	-1.33353322	-1.34361722	-1.32368329	0.0199339266	0	0	0	0	0	3
204	122	1.43291581	0.829873776	-1.3311013	-1.33347954	-1.34361722	-1.32368329	0.0199339266	0	0	0	0	0	3
205	123	1.44075633	0.833941785	-1.33343131	-1.33348781	-1.34361722	-1.32368329	0.0199339266	0	0	0	0	0	3
206	124	1.44856592	0.838009794	-1.33109831	-1.3334937	-1.34361722	-1.32368329	0.0199339266	0	0	0	0	0	3
207	125	1.4563844	0.842077802	-1.33164613	-1.333463	-1.34361722	-1.32368329	0.0199339266	0	0	0	0	0	3
208	125	1.46419645	0.846145811	-1.32853203	-1.33347723	-1.34361722	-1.32368329	0.0199339266	0	0	0	0	0	3
209	126	1.47201164	0.85021382	-1.32917333	-1.33348447	-1.34361722	-1.32368329	0.0199339266	0	0	0	0	0	3
210	127	1.47978752	0.854281829	-1.32782079	-1.33350022	-1.34361722	-1.32368329	0.0199339266	0	0	0	0	0	3
211	127	1.48758995	0.858349837	-1.32743524	-1.3334362	-1.34361722	-1.32368329	0.0199339266	0	0	0	0	0	3
212	128	1.49538421	0.862417846	-1.32830165	-1.33344063	-1.34361722	-1.32368329	0.0199339266	0	0	0	0	0	3
213	128	1.50318708	0.866485855	-1.33274827	-1.33342191	-1.34361722	-1.32368329	0.0199339266	0	0	0	0	0	3
214	129	1.51099968	0.870553863	-1.3326936	-1.33346926	-1.34361722	-1.32368329	0.0199339266	0	0	0	0	0	3
215	129	1.51882955	0.874621872	-1.33644094	-1.33346141	-1.34361722	-1.32368329	0.0199339266	0	0	0	0	0	3
216	130	1.52663399	0.878689881	-1.32901808	-1.33346808	-1.34361722	-1.32368329	0.0199339266	0	0	0	0	0	3
217	131	1.53445673	0.88275789	-1.33475703	-1.33349308	-1.34361722	-1.32368329	0.0199339266	0	0	0	0	0	3
218	131	1.54226365	0.886825898	-1.32799182	-1.33347519	-1.34361722	-1.32368329	0.0199339266	0	0	0	0	0	3
219	132	1.55010325	0.890893907	-1.33081026	-1.33343916	-1.34361722	-1.32368329	0.0199339266	0	0	0	0	0	3
220	132	1.55790945	0.894961916	-1.32496667	-1.33338912	-1.34361722	-1.32368329	0.0199339266	0	0	0	0	0	3
221	133	1.56574639	0.899029924	-1.33042154	-1.33335856	-1.34361722	-1.32368329	0.0199339266	0	0	0	0	0	3
222	134	1.57355421	0.903097933	-1.31938473	-1.33328543	-1.34361722	-1.31938473	0.0242324914	0	0	0	0	0	3
223	134	1.58135748	0.907165942	-1.32703625	-1.33331158	-1.34361722	-1.31938473	0.0242324914	0	0	0	0	0	3
224	135	1.58916099	0.91123395	-1.32649446	-1.33332696	-1.34361722	-1.31938473	0.0242324914	0	0	0	0	0	3
225	135	1.5969923	0.915301959	-1.32734383	-1.3333196	-1.34361722	-1.31938473	0.0242324914	0	0	0	0	0	3
226	136	1.60479656	0.919369968	-1.3263591	-1.33331049	-1.34361722	-1.31938473	0.0242324914	0	0	0	0	0	3
227	136	1.61263081	0.923437977	-1.33074827	-1.33329661	-1.34361722	-1.31938473	0.0242324914	0	0	0	0	0	3
228	137	1.62044695	0.927505985	-1.32800356	-1.33326604	-1.34361722	-1.31938473	0.0242324914	0	0	0	0	0	3
229	137	1.62828715	0.931573994	-1.33204667	-1.33322694	-1.34361722	-1.31938473	0.0242324914	0	0	0	0	0	3
230	138	1.63609587	0.935642003	-1.32803447	-1.33321492	-1.34361722	-1.31938473	0.0242324914	0	0	0	0	0	3
231	139	1.64393162	0.939710011	-1.33146594	-1.33319179	-1.34361722	-1.31938473	0.0242324914	0	0	0	0	0	3
232	139	1.6517347	0.94377802	-1.32540683	-1.33315237	-1.34361722	-1.31938473	0.0242324914	0	0	0	0	0	3
233	140	1.65956294	0.947846029	-1.33040399	-1.33313977	-1.34361722	-1.31938473	0.0242324914	0	0	0	0	0	3
234	141	1.66736976	0.951914038	-1.32610041	-1.3330842	-1.34361722	-1.31938473	0.0242324914	0	0	0	0	0	3
235	141	1.67517092	0.955982046	-1.3343836	-1.33304062	-1.34361722	-1.31938473	0.0242324914	0	0	0	0	0	3
236	142	1.68297391	0.960050055	-1.32708119	-1.333031	-1.34361722	-1.31938473	0.0242324914	0	0	0	0	0	3
237	143	1.69078869	0.964118064	-1.33821274	-1.33307726	-1.34361722	-1.31938473	0.0242324914	0	0	0	0	0	3
238	143	1.69860361	0.968186072	-1.32999976	-1.33308943	-1.34361722	-1.31938473	0.0242324914	0	0	0	0	0	3
239	144	1.70645132	0.972254081	-1.3370136	-1.3331607	-1.34361722	-1.31938473	0.0242324914	0	0	0	0	0	3
240	144	1.71427451	0.97632209	-1.32204516	-1.33306132	-1.34361722	-1.31938473	0.0242324914	0	0	0	0	0	3
241	145	1.72212022	0.980390099	-1.33207236	-1.33304752	-1.34361722	-1.31938473	0.0242324914	0	0	0	0	0	3
242	145	1.72993877	0.984458107	-1.32946407	-1.33299675	-1.34361722	-1.31938473	0.0242324914	0	0	0	0	0	3
243	146	1.73777859	0.988526116	-1.33082313	-1.33299943	-1.34361722	-1.31938473	0.0242324914	0	0	0	0	0	3
244	147	1.74560005	0.992594125	-1.32781956	-1.33297641	-1.34361722	-1.31938473	0.0242324914	0	0	0	0	0	3
245	147	1.75344681	0.996662133	-1.33037176	-1.33297656	-1.34361722	-1.31938473	0.0242324914	0	0	0	0	0	3
246	148	1.76126798	1.00073014	-1.32641633	-1.33294112	-1.34361722	-1.31938473	0.0144737381	0.0635898301	0	100	0	0	3
247	148	1.76910162	1.00479815	-1.33049389	-1.33288019	-1.34361722	-1.31938473	0.0126062888	0.0635898301	0	100	0	0	3
248	149	1.77692982	1.00886616	-1.32633156	-1.33283824	-1.34361722	-1.31938473	0.0113427643	0.0635898301	0	100	0	0	3
249	149	1.78476929	1.01293417	-1.33145209	-1.3328078	-1.34361722	-1.31938473	0.0111010742	0.0635898301	0	100	0	0	3
250	150	1.79259126	1.01700218	-1.33220539	-1.33279974	-1.34361722	-1.31938473	0.0103867865	0.0635898301	0	100	0	0	3
251	150	1.80043103	1.02107019	-1.3332693	-1.33280156	-1.34361722	-1.31938473	0.0100793908	0.0635898301	0	100	0	0	3
252	151	1.80824894	1.02513819	-1.32806509	-1.33273285	-1.34361722	-1.31938473	0.00900993373	0.0635898301	0	100	0	0	3
253	151	1.81607791	1.0292062	-1.33659363	-1.33276381	-1.34361722	-1.31938473	0.00851924452	0.0635898301	0	100	0	0	3
254	152	1.82389348	1.03327421	-1.33266056	-1.33280024	-1.34361722	-1.31938473	0.00763506912	0.0635898301	0	100	0	0	3
255	152	1.83172041	1.03734222	-1.33870839	-1.33288976	-1.34361722	-1.31938473	0.00746983178	0.0635898301	0	100	0	0	3
256	153	1.83955169	1.04141023	-1.33078907	-1.33290196	-1.34361722	-1.31938473	0.00746983178	0.0635898301	0	100	0	0	3
257	153	1.84738101	1.04547824	-1.3372977	-1.3329844	-1.34361722	-1.31938473	0.00746983178	0.0635898301	0	100	0	0	3
258	154	1.85520862	1.04954625	-1.33257617	-1.33297244	-1.34361722	-1.31938473	0.00746983178	0.0635898301	0	100	0	0	3
259	155	1.86305429	1.05361426	-1.33642918	-1.33302344	-1.34361722	-1.31938473	0.00746983178	0.0635898301	0	100	0	0	3
260	155	1.87087629	1.05768226	-1.33991961	-1.33306798	-1.34361722	-1.31938473	0.00746983178	0.0635898301	0	100	0	0	3
261	156	1.87871462	1.06175027	-1.3380319	-1.33307481	-1.34361722	-1.31938473	0.00746983178	0.0635898301	0	100	0	0	3
262	156	1.88654051	1.06581828	-1.33699942	-1.33308438	-1.34361722	-1.31938473	0.00746983178	0.0635898301	0	100	0	0	3
263	157	1.89434249	1.06988629	-1.33751205	-1.33311271	-1.34361722	-1.31938473	0.00746983178	0.0635898301	0	100	0	0	3
264	157	1.9021649	1.0739543	-1.33588573	-1.33310204	-1.34361722	-1.31938473	0.00746983178	0.0635898301	0	100	0	0	3
265	158	1.90999794	1.07802231	-1.32886217	-1.33304913	-1.34361722	-1.31938473	0.00746983178	0.0635898301	0	100	0	0	3
266	158	1.91781699	1.08209032	-1.3375361	-1.33307611	-1.34361722	-1.31938473	0.00746983178	0.0635898301	0	100	0	0	3
267	159	1.92567208	1.08615832	-1.33386852	-1.33305851	-1.34361722	-1.31938473	0.00746983178	0.0635898301	0	100	0	0	3
268	159	1.9334951	1.09022633	-1.34034658	-1.33310544	-1.34361722	-1.31938473	0.00746983178	0.0635898301	0	100	0	0	3
269	160	1.94134076	1.09429434	-1.33891738	-1.33317939	-1.34361722	-1.31938473	0.00746983178	0.0635898301	0	100	0	0	3
270	160	1.94916373	1.09836235	-1.3368904	-1.33323213	-1.34361722	-1.31938473	0.00746983178	0.0635898301	0	100	0	0	3
271	161	1.95702859	1.10243036	-1.33955184	-1.33328957	-1.34361722	-1.31938473	0.00746983178	0.0635898301	0	100	0	0	3
272	162	1.96484752	1.10649837	-1.34303919	-1.33336321	-1.34361722	-1.31938473	0.00746983178	0.0635898301	0	100	0	0	3
273	162	1.97268627	1.11056638	-1.33932073	-1.33339986	-1.34361722	-1.31938473	0.00746983178	0.0635898301	0	100	0	0	3
274	163	1.9804776	1.11463439	-1.33714304	-1.3334274	-1.34361722	-1.31938473	0.00746983178	0.0635898301	0	100	0	0	3
275	163	1.98833296	1.11870239	-1.33621933	-1.33345473	-1.34361722	-1.31938473	0.00746983178	0.0635898301	0	100	0	0	3
276	164	1.9961327	1.1227704	-1.33855045	-1.33351017	-1.34361722	-1.31938473	0.00746983178	0.0635898301	0	100	0	0	3
277	164	2.00398233	1.12683841	-1.34232646	-1.33360336	-1.34361722	-1.31938473	0.00739837936	0.0635898301	0	100	0	0	3
278	165	2.01178613	1.13090642	-1.33956653	-1.33370062	-1.34361722	-1.31938473	0.00738233384	0.0635898301	0	100	0	0	3
279	166	2.01961233	1.13497443	-1.33969873	-1.33377692	-1.34361722	-1.31938473	0.00735866319	0.0635898301	0	100	0	0	3
280	166	2.02742305	1.13904244	-1.33631842	-1.33382524	-1.34361722	-1.31938473	0.00723214422	0.0635898301	0	100	0	0	3
281	167	2.03525763	1.14311045	-1.3350616	-1.33384999	-1.34361722	-1.31938473	0.00706822318	0.0635898301	0	100	0	0	3
282	168	2.0430695	1.14717846	-1.34072223	-1.33390184	-1.34361722	-1.31938473	0.00689967318	0.0635898301	0	100	0	0	3
283	168	2.05091644	1.15124646	-1.33829838	-1.33395379	-1.34361722	-1.31938473	0.00669996414	0.0635898301	0	100	0	0	3
284	169	2.05872897	1.15531447	-1.3381863	-1.33397291	-1.34361722	-1.31938473	0.00646773821	0.0635898301	0	100	0	0	3
285	169	2.06656571	1.15938248	-1.33556016	-1.3339961	-1.34361722	-1.31938473	0.00620995573	0.0635898301	0	100	0	0	3
286	170	2.07437176	1.16345049	-1.34612198	-1.33405722	-1.34612198	-1.31938473	0.00596228142	0.0635898301	0	100	0	0	3
287	170	2.08219809	1.1675185	-1.33916282	-1.33409989	-1.34612198	-1.31938473	0.00575328108	0.0635898301	0	100	0	0	3
288	171	2.09002333	1.17158651	-1.33688308	-1.33404483	-1.34612198	-1.31938473	0.00551159846	0.0635898301	0	100	0	0	3
289	171	2.09787482	1.17565452	-1.33375077	-1.33406422	-1.34612198	-1.31938473	0.00524755411	0.0635898301	0	100	0	0	3
290	172	2.1056867	1.17972253	-1.33444348	-1.33400545	-1.34612198	-1.31938473	0.00494165487	0.0635898301	0	100	0	0	3
291	173	2.11353317	1.18379053	-1.33210333	-1.33396962	-1.34612198	-1.31938473	0.00468334037	0.0635898301	0	100	0	0	3
292	173	2.12134301	1.18785854	-1.33241806	-1.33391802	-1.34612198	-1.31938473	0.00432447115	0.0635898301	0	100	0	0	3
293	174	2.12916377	1.19192655	-1.3304336	-1.33384622	-1.34612198	-1.31938473	0.004044216	0.0635898301	0	100	0	0	3
294	174	2.13697331	1.19599456	-1.33447945	-1.33380165	-1.34612198	-1.31938473	0.00371849655	0.0635898301	0	100	0	0	3
295	175	2.14480958	1.20006257	-1.32892128	-1.33374172	-1.34612198	-1.31938473	0.0034658972	0.0635898301	0	100	0	0	3
296	175	2.15262318	1.20413058	-1.33319839	-1.33369827	-1.34612198	-1.31938473	0.00318731566	0.0635898301	0	100	0	0	3
297	176	2.16048037	1.20819859	-1.32865447	-1.33362687	-1.34612198	-1.31938473	0.00293649926	0.0635898301	0	100	0	0	3
298	177	2.16829622	1.21226659	-1.3340352	-1.33355847	-1.34612198	-1.31938473	0.00267208431	0.0635898301	0	100	0	0	3
299	177	2.17615169	1.2163346	-1.33190792	-1.33350036	-1.34612198	-1.31938473	0.00239957362	0.0635898301	0	100	0	0	3
300	178	2.18396316	1.22040261	-1.33398613	-1.33343347	-1.34612198	-1.31938473	0.00209549036	0.0635898301	0	100	0	0	3
301	179	2.19179742	1.22447062	-1.33573105	-1.33337238	-1.34612198	-1.31938473	0.00190852492	0.0635898301	0	100	0	0	3
302	180	2.19961576	1.22853863	-1.34008376	-1.33341605	-1.34612198	-1.31938473	0.00164008348	0.0635898301	0	100	0	0	3
