Iteration	CPUTime	PhysTime	Travels	Value	AvValue	MinValue	MaxValue	Delta	Criteria	PrevAvRefValue	Progress	CriteriaType	CriteriaVarType	CriteriaPercentage
1	7	0.000251471676	0.00231005218	101325.523	101325.523	101325.523	101325.523	0	0	0	0	0	0	3
2	8	0.000440108111	0.00462010437	101324.963	101325.283	101324.963	101325.523	0.240376169	0	0	0	0	0	3
3	10	0.000625955967	0.00693015655	101325.008	101325.201	101324.963	101325.523	0.322113906	0	0	0	0	0	3
4	11	0.000811445158	0.00924020873	101325.001	101325.156	101324.963	101325.523	0.367821174	0	0	0	0	0	3
5	12	0.00100901939	0.0115502609	101325.003	101325.126	101324.963	101325.523	0.397722504	0	0	0	0	0	3
6	13	0.00135854797	0.0138603131	101324.996	101325.092	101324.963	101325.523	0.431193489	0	0	0	0	0	3
7	14	0.00178090237	0.0161703653	101324.999	101325.07	101324.963	101325.523	0.45320718	0	0	0	0	0	3
8	15	0.00221155586	0.0184804175	101324.996	101325.056	101324.963	101325.523	0.467636633	0	0	0	0	0	3
9	16	0.00264825813	0.0207904696	101324.999	101325.046	101324.963	101325.523	0.476959305	0	0	0	0	0	3
10	17	0.00307622007	0.0231005218	101324.996	101325.039	101324.963	101325.523	0.484036356	0	0	0	0	0	3
11	18	0.00371969865	0.025410574	101324.998	101325.032	101324.963	101325.523	0.491259626	0	0	0	0	0	3
12	19	0.0043544042	0.0277206262	101324.995	101325.027	101324.963	101325.523	0.496737213	0	0	0	0	0	3
13	20	0.00499153023	0.0300306784	101324.996	101325.023	101324.963	101325.523	0.50067369	0	0	0	0	0	3
14	21	0.00562788482	0.0323407306	101324.994	101325.019	101324.963	101325.523	0.503936455	0	0	0	0	0	3
15	22	0.00626928126	0.0346507827	101324.995	101325.017	101324.963	101325.523	0.50642719	0	0	0	0	0	3
16	23	0.00723746956	0.0369608349	101324.993	101325.014	101324.963	101325.523	0.509599873	0	0	0	0	0	3
17	24	0.0082183763	0.0392708871	101324.994	101325.011	101324.963	101325.523	0.511995527	0	0	0	0	0	3
18	25	0.00920862017	0.0415809393	101324.992	101325.009	101324.963	101325.523	0.514079512	0	0	0	0	0	3
19	26	0.0102062584	0.0438909915	101324.992	101325.008	101324.963	101325.523	0.515780795	0	0	0	0	0	3
20	27	0.0112089427	0.0462010437	101324.991	101325.006	101324.963	101325.523	0.517267103	0	0	0	0	0	3
21	28	0.0127175346	0.0485110958	101324.991	101325.004	101324.963	101325.523	0.519028201	0	0	0	0	0	3
22	29	0.0142313314	0.050821148	101324.99	101325.003	101324.963	101325.523	0.520556005	0	0	0	0	0	3
23	30	0.0157463996	0.0531312002	101324.99	101325.002	101324.963	101325.523	0.521809574	0	0	0	0	0	3
24	31	0.0172631328	0.0554412524	101324.989	101325	101324.963	101325.523	0.52288913	0	0	0	0	0	3
25	32	0.0187813433	0.0577513046	101324.989	101325	101324.963	101325.523	0.523798897	0	0	0	0	0	3
26	33	0.0210546984	0.0600613568	101324.989	101324.998	101324.963	101325.523	0.524987222	0	0	0	0	0	3
27	34	0.0233272911	0.0623714089	101324.988	101324.997	101324.963	101325.523	0.525978087	0	0	0	0	0	3
28	35	0.0256000347	0.0646814611	101324.987	101324.997	101324.963	101325.523	0.526877251	0	0	0	0	0	3
29	36	0.0278711892	0.0669915133	101324.987	101324.996	101324.963	101325.523	0.527638166	0	0	0	0	0	3
30	37	0.0301408599	0.0693015655	101324.986	101324.995	101324.963	101325.523	0.528339281	0	0	0	0	0	3
31	38	0.0331395144	0.0716116177	101324.987	101324.994	101324.963	101325.523	0.529096356	0	0	0	0	0	3
32	39	0.0362091996	0.0739216699	101324.986	101324.994	101324.963	101325.523	0.529781512	0	0	0	0	0	3
33	40	0.0393088514	0.076231722	101324.986	101324.993	101324.963	101325.523	0.53037463	0	0	0	0	0	3
34	41	0.0423861559	0.0785417742	101324.986	101324.992	101324.963	101325.523	0.530906488	0	0	0	0	0	3
35	42	0.0454639261	0.0808518264	101324.986	101324.992	101324.963	101325.523	0.531378381	0	0	0	0	0	3
36	43	0.0485185507	0.0831618786	101324.985	101324.992	101324.963	101325.523	0.531800028	0	0	0	0	0	3
37	44	0.0515839959	0.0854719308	101324.985	101324.991	101324.963	101325.523	0.53217751	0	0	0	0	0	3
38	45	0.0546304818	0.087781983	101324.985	101324.991	101324.963	101325.523	0.532525235	0	0	0	0	0	3
39	46	0.0576851463	0.0900920351	101324.985	101324.991	101324.963	101325.523	0.532831263	0	0	0	0	0	3
40	48	0.0607236951	0.0924020873	101324.985	101324.99	101324.963	101325.523	0.533116386	0	0	0	0	0	3
41	49	0.0637725265	0.0947121395	101324.985	101324.99	101324.963	101325.523	0.533371329	0	0	0	0	0	3
42	50	0.0668077091	0.0970221917	101324.985	101324.99	101324.963	101325.523	0.533605217	0	0	0	0	0	3
43	51	0.0698552616	0.0993322439	101324.985	101324.99	101324.963	101325.523	0.53381399	0	0	0	0	0	3
44	52	0.0728899106	0.101642296	101324.985	101324.989	101324.963	101325.523	0.533999482	0	0	0	0	0	3
45	53	0.0759349316	0.103952348	101324.985	101324.989	101324.963	101325.523	0.534166613	0	0	0	0	0	3
46	54	0.0789712525	0.1062624	101324.985	101324.989	101324.963	101325.523	0.534315032	0	0	0	0	0	3
47	55	0.0820175758	0.108572453	101324.985	101324.989	101324.963	101325.523	0.534448023	0	0	0	0	0	3
48	56	0.0850577479	0.110882505	101324.985	101324.989	101324.963	101325.523	0.53457246	0	0	0	0	0	3
49	57	0.088108582	0.113192557	101324.986	101324.989	101324.963	101325.523	0.534679178	0	0	0	0	0	3
50	58	0.0911526507	0.115502609	101324.986	101324.989	101324.963	101325.523	0.534784764	0	0	0	0	0	3
51	59	0.0942098333	0.117812661	101324.986	101324.989	101324.963	101325.523	0.534880507	0	0	0	0	0	3
52	60	0.0972604709	0.120122714	101324.985	101324.988	101324.963	101325.523	0.534976026	0	0	0	0	0	3
53	61	0.100320637	0.122432766	101324.985	101324.988	101324.963	101325.523	0.535064756	0	0	0	0	0	3
54	62	0.103371103	0.124742818	101324.985	101324.988	101324.963	101325.523	0.535154011	0	0	0	0	0	3
55	63	0.106428638	0.12705287	101324.985	101324.988	101324.963	101325.523	0.535236774	0	0	0	0	0	3
56	64	0.109478785	0.129362922	101324.985	101324.988	101324.963	101325.523	0.535322524	0	0	0	0	0	3
57	66	0.112533742	0.131672974	101324.985	101324.988	101324.963	101325.523	0.535398986	0	0	0	0	0	3
58	67	0.115579398	0.133983027	101324.985	101324.988	101324.963	101325.523	0.535478207	0	0	0	0	0	3
59	68	0.118631629	0.136293079	101324.985	101324.988	101324.963	101325.523	0.535548428	0	0	0	0	0	3
60	69	0.121673054	0.138603131	101324.985	101324.988	101324.963	101325.523	0.535617184	0	0	0	0	0	3
61	70	0.124722471	0.140913183	101324.985	101324.988	101324.963	101325.523	0.535678923	0	0	0	0	0	3
62	71	0.127761838	0.143223235	101324.985	101324.988	101324.963	101325.523	0.535741708	0	0	0	0	0	3
63	72	0.130808936	0.145533288	101324.985	101324.988	101324.963	101325.523	0.535793888	0	0	0	0	0	3
64	73	0.133844271	0.14784334	101324.985	101324.988	101324.963	101325.523	0.535844571	0	0	0	0	0	3
65	74	0.136887729	0.150153392	101324.986	101324.987	101324.963	101325.523	0.535887658	0	0	0	0	0	3
66	75	0.139918285	0.152463444	101324.986	101324.987	101324.963	101325.523	0.535927198	0	0	0	0	0	3
67	76	0.14296026	0.154773496	101324.986	101324.987	101324.963	101325.523	0.535958424	0	0	0	0	0	3
68	77	0.145990548	0.157083548	101324.986	101324.987	101324.963	101325.523	0.535988604	0	0	0	0	0	3
69	78	0.149029822	0.159393601	101324.986	101324.987	101324.963	101325.523	0.536010182	0	0	0	0	0	3
70	79	0.152059488	0.161703653	101324.987	101324.987	101324.963	101325.523	0.536024749	0	0	0	0	0	3
71	80	0.155100363	0.164013705	101324.987	101324.987	101324.963	101325.523	0.536030801	0	0	0	0	0	3
72	81	0.158128986	0.166323757	101324.987	101324.987	101324.963	101325.523	0.536036739	0	0	0	0	0	3
73	82	0.161169441	0.168633809	101324.987	101324.987	101324.963	101325.523	0.536036739	0	0	0	0	0	3
74	83	0.164196771	0.170943862	101324.988	101324.987	101324.963	101325.523	0.536036739	0	0	0	0	0	3
75	85	0.16723358	0.173253914	101324.988	101324.987	101324.963	101325.523	0.536036739	0	0	0	0	0	3
76	86	0.170261878	0.175563966	101324.988	101324.987	101324.963	101325.523	0.536036739	0	0	0	0	0	3
77	87	0.173299803	0.177874018	101324.989	101324.987	101324.963	101325.523	0.536036739	0	0	0	0	0	3
78	88	0.176328484	0.18018407	101324.989	101324.987	101324.963	101325.523	0.536036739	0	0	0	0	0	3
79	89	0.179365633	0.182494122	101324.989	101324.987	101324.963	101325.523	0.536036739	0	0	0	0	0	3
80	91	0.182395403	0.184804175	101324.99	101324.988	101324.963	101325.523	0.536036739	0	0	0	0	0	3
81	92	0.185433165	0.187114227	101324.99	101324.988	101324.963	101325.523	0.536036739	0	0	0	0	0	3
82	93	0.188464432	0.189424279	101324.99	101324.988	101324.963	101325.523	0.536036739	0	0	0	0	0	3
83	94	0.19150445	0.191734331	101324.99	101324.988	101324.963	101325.523	0.536036739	0	0	0	0	0	3
84	95	0.194535332	0.194044383	101324.991	101324.988	101324.963	101325.523	0.536036739	0	0	0	0	0	3
85	96	0.197574283	0.196354436	101324.991	101324.988	101324.963	101325.523	0.536036739	0	0	0	0	0	3
86	97	0.200605735	0.198664488	101324.991	101324.988	101324.963	101325.523	0.536036739	0	0	0	0	0	3
87	98	0.203644842	0.20097454	101324.991	101324.988	101324.963	101325.523	0.536036739	0	0	0	0	0	3
88	99	0.206676237	0.203284592	101324.991	101324.988	101324.963	101325.523	0.536036739	0	0	0	0	0	3
89	100	0.20971696	0.205594644	101324.992	101324.988	101324.963	101325.523	0.536036739	0	0	0	0	0	3
90	101	0.212748873	0.207904696	101324.992	101324.988	101324.963	101325.523	0.536036739	0	0	0	0	0	3
91	102	0.215790798	0.210214749	101324.992	101324.988	101324.963	101325.523	0.536036739	0	0	0	0	0	3
92	103	0.218821709	0.212524801	101324.992	101324.988	101324.963	101325.523	0.536036739	0	0	0	0	0	3
93	105	0.221861869	0.214834853	101324.993	101324.988	101324.963	101325.523	0.536036739	0	0	0	0	0	3
94	106	0.224892451	0.217144905	101324.993	101324.988	101324.963	101325.523	0.536036739	0	0	0	0	0	3
95	107	0.227933134	0.219454957	101324.993	101324.988	101324.963	101325.523	0.536036739	0	0	0	0	0	3
96	108	0.230963911	0.22176501	101324.993	101324.988	101324.963	101325.523	0.536036739	0	0	0	0	0	3
97	109	0.234006108	0.224075062	101324.994	101324.988	101324.963	101325.523	0.536036739	0	0	0	0	0	3
98	110	0.237039343	0.226385114	101324.994	101324.988	101324.963	101325.523	0.536036739	0	0	0	0	0	3
99	111	0.240082385	0.228695166	101324.994	101324.989	101324.963	101325.523	0.536036739	0	0	0	0	0	3
100	112	0.243118618	0.231005218	101324.994	101324.989	101324.963	101325.523	0.536036739	0	0	0	0	0	3
101	117	0.246164356	0.233315271	101324.995	101324.989	101324.963	101325.523	0.536036739	0	0	0	0	0	3
102	118	0.249192482	0.235625323	101324.995	101324.989	101324.963	101325.523	0.536036739	0	0	0	0	0	3
103	119	0.252228797	0.237935375	101324.995	101324.989	101324.963	101325.523	0.536036739	0	0	0	0	0	3
104	120	0.25523768	0.240245427	101324.995	101324.989	101324.963	101325.523	0.536036739	0	0	0	0	0	3
105	121	0.258263164	0.242555479	101324.996	101324.989	101324.963	101325.523	0.536036739	0	0	0	0	0	3
106	122	0.261277416	0.244865531	101324.996	101324.989	101324.963	101325.523	0.536036739	0	0	0	0	0	3
107	123	0.264313946	0.247175584	101324.996	101324.989	101324.963	101325.523	0.536036739	0	0	0	0	0	3
108	124	0.267344046	0.249485636	101324.996	101324.989	101324.963	101325.523	0.536036739	0	0	0	0	0	3
109	125	0.270397485	0.251795688	101324.997	101324.989	101324.963	101325.523	0.536036739	0	0	0	0	0	3
110	126	0.273440729	0.25410574	101324.997	101324.989	101324.963	101325.523	0.536036739	0	0	0	0	0	3
111	128	0.276494676	0.256415792	101324.997	101324.99	101324.963	101325.523	0.536036739	0	0	0	0	0	3
112	128	0.27953156	0.258725845	101324.997	101324.99	101324.963	101325.523	0.536036739	0	0	0	0	0	3
113	129	0.282579636	0.261035897	101324.997	101324.99	101324.963	101325.523	0.536036739	0	0	0	0	0	3
114	130	0.285609216	0.263345949	101324.997	101324.99	101324.963	101325.523	0.536036739	0	0	0	0	0	3
115	131	0.288647571	0.265656001	101324.998	101324.99	101324.963	101325.523	0.536036739	0	0	0	0	0	3
116	132	0.291672206	0.267966053	101324.998	101324.99	101324.963	101325.523	0.536036739	0	0	0	0	0	3
117	133	0.294713816	0.270276105	101324.998	101324.99	101324.963	101325.523	0.536036739	0	0	0	0	0	3
118	134	0.297743526	0.272586158	101324.998	101324.99	101324.963	101325.523	0.536036739	0	0	0	0	0	3
119	135	0.30078503	0.27489621	101324.998	101324.99	101324.963	101325.523	0.536036739	0	0	0	0	0	3
120	136	0.303816344	0.277206262	101324.998	101324.99	101324.963	101325.523	0.536036739	0	0	0	0	0	3
121	137	0.306856103	0.279516314	101324.998	101324.99	101324.963	101325.523	0.536036739	0	0	0	0	0	3
122	138	0.309885696	0.281826366	101324.998	101324.99	101324.963	101325.523	0.536036739	0	0	0	0	0	3
123	139	0.312930363	0.284136419	101324.998	101324.99	101324.963	101325.523	0.536036739	0	0	0	0	0	3
124	140	0.315964356	0.286446471	101324.998	101324.991	101324.963	101325.523	0.536036739	0	0	0	0	0	3
125	141	0.31900704	0.288756523	101324.998	101324.991	101324.963	101325.523	0.536036739	0	0	0	0	0	3
126	142	0.322039294	0.291066575	101324.998	101324.991	101324.963	101325.523	0.536036739	0	0	0	0	0	3
127	143	0.32507996	0.293376627	101324.998	101324.991	101324.963	101325.523	0.536036739	0	0	0	0	0	3
128	144	0.328108638	0.295686679	101324.998	101324.991	101324.963	101325.523	0.536036739	0	0	0	0	0	3
129	145	0.331150342	0.297996732	101324.998	101324.991	101324.963	101325.523	0.536036739	0	0	0	0	0	3
130	146	0.334181308	0.300306784	101324.998	101324.991	101324.963	101325.523	0.536036739	0	0	0	0	0	3
131	147	0.337219463	0.302616836	101324.998	101324.991	101324.963	101325.523	0.536036739	0	0	0	0	0	3
132	148	0.340250388	0.304926888	101324.998	101324.991	101324.963	101325.523	0.536036739	0	0	0	0	0	3
133	149	0.343295986	0.30723694	101324.998	101324.991	101324.963	101325.523	0.536036739	0	0	0	0	0	3
134	150	0.346328767	0.309546993	101324.998	101324.991	101324.963	101325.523	0.536036739	0	0	0	0	0	3
135	151	0.349371245	0.311857045	101324.998	101324.991	101324.963	101325.523	0.536036739	0	0	0	0	0	3
136	152	0.352400869	0.314167097	101324.998	101324.991	101324.963	101325.523	0.536036739	0	0	0	0	0	3
137	153	0.355444002	0.316477149	101324.998	101324.991	101324.963	101325.523	0.536036739	0	0	0	0	0	3
138	154	0.358475739	0.318787201	101324.998	101324.991	101324.963	101325.523	0.536036739	0	0	0	0	0	3
139	155	0.361515845	0.321097253	101324.998	101324.991	101324.963	101325.523	0.536036739	0	0	0	0	0	3
140	156	0.364544129	0.323407306	101324.998	101324.991	101324.963	101325.523	0.536036739	0	0	0	0	0	3
141	157	0.367587862	0.325717358	101324.998	101324.992	101324.963	101325.523	0.536036739	0	0	0	0	0	3
142	158	0.370618574	0.32802741	101324.998	101324.992	101324.963	101325.523	0.536036739	0	0	0	0	0	3
143	159	0.373658433	0.330337462	101324.998	101324.992	101324.963	101325.523	0.536036739	0	0	0	0	0	3
144	160	0.376685689	0.332647514	101324.998	101324.992	101324.963	101325.523	0.536036739	0	0	0	0	0	3
145	161	0.379723577	0.334957567	101324.998	101324.992	101324.963	101325.523	0.536036739	0	0	0	0	0	3
146	162	0.382751216	0.337267619	101324.997	101324.992	101324.963	101325.523	0.536036739	0	0	0	0	0	3
147	163	0.385786802	0.339577671	101324.998	101324.992	101324.963	101325.523	0.536036739	0	0	0	0	0	3
148	164	0.388810976	0.341887723	101324.998	101324.992	101324.963	101325.523	0.536036739	0	0	0	0	0	3
149	165	0.391845317	0.344197775	101324.998	101324.992	101324.963	101325.523	0.536036739	0	0	0	0	0	3
150	166	0.394870132	0.346507827	101324.997	101324.992	101324.963	101325.523	0.536036739	0	0	0	0	0	3
151	167	0.397904612	0.34881788	101324.998	101324.992	101324.963	101325.523	0.536036739	0	0	0	0	0	3
152	168	0.400930668	0.351127932	101324.997	101324.992	101324.963	101325.523	0.536036739	0	0	0	0	0	3
153	169	0.403966061	0.353437984	101324.998	101324.992	101324.963	101325.523	0.536036739	0	0	0	0	0	3
154	170	0.406993389	0.355748036	101324.998	101324.992	101324.963	101325.523	0.536036739	0	0	0	0	0	3
155	171	0.410030501	0.358058088	101324.998	101324.992	101324.963	101325.523	0.536036739	0	0	0	0	0	3
156	172	0.413058323	0.360368141	101324.998	101324.992	101324.963	101325.523	0.536036739	0	0	0	0	0	3
157	173	0.416096417	0.362678193	101324.998	101324.992	101324.963	101325.523	0.536036739	0	0	0	0	0	3
158	174	0.419126705	0.364988245	101324.998	101324.992	101324.963	101325.523	0.536036739	0	0	0	0	0	3
159	175	0.422164953	0.367298297	101324.998	101324.992	101324.963	101325.523	0.536036739	0	0	0	0	0	3
160	176	0.425195115	0.369608349	101324.998	101324.992	101324.963	101325.523	0.536036739	0	0	0	0	0	3
161	177	0.428233932	0.371918402	101324.998	101324.992	101324.963	101325.523	0.536036739	0	0	0	0	0	3
162	178	0.431263949	0.374228454	101324.998	101324.992	101324.963	101325.523	0.536036739	0	0	0	0	0	3
163	178	0.434302575	0.376538506	101324.998	101324.992	101324.963	101325.523	0.536036739	0	0	0	0	0	3
164	179	0.437332751	0.378848558	101324.998	101324.993	101324.963	101325.523	0.536036739	0	0	0	0	0	3
165	180	0.440371234	0.38115861	101324.998	101324.993	101324.963	101325.523	0.536036739	0	0	0	0	0	3
166	181	0.443401486	0.383468662	101324.998	101324.993	101324.963	101325.523	0.536036739	0	0	0	0	0	3
167	182	0.446440687	0.385778715	101324.998	101324.993	101324.963	101325.523	0.536036739	0	0	0	0	0	3
168	183	0.449470158	0.388088767	101324.998	101324.993	101324.963	101325.523	0.536036739	0	0	0	0	0	3
169	184	0.452507916	0.390398819	101324.998	101324.993	101324.963	101325.523	0.536036739	0	0	0	0	0	3
170	185	0.455537601	0.392708871	101324.998	101324.993	101324.963	101325.523	0.536036739	0	0	0	0	0	3
171	186	0.458574422	0.395018923	101324.998	101324.993	101324.963	101325.523	0.536036739	0	0	0	0	0	3
172	187	0.461603214	0.397328976	101324.998	101324.993	101324.963	101325.523	0.536036739	0	0	0	0	0	3
173	188	0.464641205	0.399639028	101324.998	101324.993	101324.963	101325.523	0.536036739	0	0	0	0	0	3
174	189	0.467670122	0.40194908	101324.998	101324.993	101324.963	101325.523	0.536036739	0	0	0	0	0	3
175	190	0.470708082	0.404259132	101324.998	101324.993	101324.963	101325.523	0.536036739	0	0	0	0	0	3
176	191	0.473738683	0.406569184	101324.998	101324.993	101324.963	101325.523	0.536036739	0	0	0	0	0	3
177	192	0.476777851	0.408879236	101324.998	101324.993	101324.963	101325.523	0.536036739	0	0	0	0	0	3
178	193	0.479807922	0.411189289	101324.998	101324.993	101324.963	101325.523	0.536036739	0	0	0	0	0	3
179	194	0.482846822	0.413499341	101324.998	101324.993	101324.963	101325.523	0.536036739	0	0	0	0	0	3
180	195	0.485876734	0.415809393	101324.998	101324.993	101324.963	101325.523	0.536036739	0	0	0	0	0	3
181	196	0.488914082	0.418119445	101324.998	101324.993	101324.963	101325.523	0.536036739	0	0	0	0	0	3
182	197	0.491942832	0.420429497	101324.998	101324.993	101324.963	101325.523	0.536036739	0	0	0	0	0	3
183	198	0.49497995	0.42273955	101324.998	101324.993	101324.963	101325.523	0.536036739	0	0	0	0	0	3
184	199	0.498005956	0.425049602	101324.998	101324.993	101324.963	101325.523	0.536036739	0	0	0	0	0	3
185	200	0.501046154	0.427359654	101324.998	101324.993	101324.963	101325.523	0.536036739	0	0	0	0	0	3
186	201	0.504075512	0.429669706	101324.998	101324.993	101324.963	101325.523	0.536036739	0	0	0	0	0	3
187	202	0.507112593	0.431979758	101324.998	101324.993	101324.963	101325.523	0.536036739	0	0	0	0	0	3
188	203	0.510142379	0.43428981	101324.998	101324.993	101324.963	101325.523	0.536036739	0	0	0	0	0	3
189	204	0.513183527	0.436599863	101324.998	101324.993	101324.963	101325.523	0.536036739	0	0	0	0	0	3
190	205	0.516214458	0.438909915	101324.998	101324.993	101324.963	101325.523	0.536036739	0	0	0	0	0	3
191	206	0.519252904	0.441219967	101324.998	101324.993	101324.963	101325.523	0.536036739	0	0	0	0	0	3
192	207	0.522281672	0.443530019	101324.998	101324.993	101324.963	101325.523	0.536036739	0	0	0	0	0	3
193	208	0.525322921	0.445840071	101324.998	101324.993	101324.963	101325.523	0.536036739	0	0	0	0	0	3
194	209	0.528353862	0.448150124	101324.998	101324.993	101324.963	101325.523	0.536036739	0	0	0	0	0	3
195	210	0.531392197	0.450460176	101324.998	101324.993	101324.963	101325.523	0.536036739	0	0	0	0	0	3
196	211	0.53442144	0.452770228	101324.998	101324.993	101324.963	101325.523	0.536036739	0	0	0	0	0	3
197	212	0.537463237	0.45508028	101324.998	101324.993	101324.963	101325.523	0.536036739	0	0	0	0	0	3
198	213	0.540494482	0.457390332	101324.998	101324.993	101324.963	101325.523	0.536036739	0	0	0	0	0	3
199	214	0.543532108	0.459700384	101324.998	101324.994	101324.963	101325.523	0.536036739	0	0	0	0	0	3
200	215	0.54656246	0.462010437	101324.998	101324.994	101324.963	101325.523	0.536036739	0	0	0	0	0	3
201	221	0.549605362	0.464320489	101324.998	101324.994	101324.963	101325.523	0.536036739	0	0	0	0	0	3
202	222	0.552636599	0.466630541	101324.998	101324.994	101324.963	101325.523	0.536036739	0	0	0	0	0	3
203	223	0.55567468	0.468940593	101324.998	101324.994	101324.963	101325.523	0.536036739	0	0	0	0	0	3
204	224	0.558707038	0.471250645	101324.998	101324.994	101324.963	101325.523	0.536036739	0	0	0	0	0	3
205	225	0.56174615	0.473560698	101324.998	101324.994	101324.963	101325.523	0.536036739	0	0	0	0	0	3
206	226	0.564777146	0.47587075	101324.998	101324.994	101324.963	101325.523	0.536036739	0	0	0	0	0	3
207	227	0.567815043	0.478180802	101324.998	101324.994	101324.963	101325.523	0.536036739	0	0	0	0	0	3
208	228	0.570844808	0.480490854	101324.998	101324.994	101324.963	101325.523	0.536036739	0	0	0	0	0	3
209	228	0.573887946	0.482800906	101324.998	101324.994	101324.963	101325.523	0.536036739	0	0	0	0	0	3
210	229	0.576920928	0.485110958	101324.998	101324.994	101324.963	101325.523	0.536036739	0	0	0	0	0	3
211	230	0.57996311	0.487421011	101324.998	101324.994	101324.963	101325.523	0.536036739	0	0	0	0	0	3
212	231	0.582998471	0.489731063	101324.998	101324.994	101324.963	101325.523	0.536036739	0	0	0	0	0	3
213	232	0.586040396	0.492041115	101324.998	101324.994	101324.963	101325.523	0.536036739	0	0	0	0	0	3
214	233	0.589071589	0.494351167	101324.998	101324.994	101324.963	101325.523	0.536036739	0	0	0	0	0	3
215	234	0.592110145	0.496661219	101324.998	101324.994	101324.963	101325.523	0.536036739	0	0	0	0	0	3
216	235	0.595140726	0.498971272	101324.998	101324.994	101324.963	101325.523	0.536036739	0	0	0	0	0	3
217	236	0.598178602	0.501281324	101324.998	101324.994	101324.963	101325.523	0.536036739	0	0	0	0	0	3
218	237	0.601208035	0.503591376	101324.998	101324.994	101324.963	101325.008	0.0451443724	0	0	0	0	0	3
219	238	0.604247264	0.505901428	101324.998	101324.994	101324.985	101325.008	0.0228514383	0	0	0	0	0	3
220	239	0.607277439	0.50821148	101324.998	101324.994	101324.985	101325.003	0.0180008254	0	0	0	0	0	3
221	240	0.61031761	0.510521533	101324.998	101324.994	101324.985	101325.003	0.0180008254	0	0	0	0	0	3
222	241	0.613348889	0.512831585	101324.998	101324.994	101324.985	101324.999	0.0145127093	0	0	0	0	0	3
223	242	0.616389564	0.515141637	101324.998	101324.994	101324.985	101324.999	0.0145127093	0	0	0	0	0	3
224	243	0.619422078	0.517451689	101324.998	101324.994	101324.985	101324.999	0.0143579163	0	0	0	0	0	3
225	244	0.622462898	0.519761741	101324.998	101324.994	101324.985	101324.999	0.0143579163	0	0	0	0	0	3
226	245	0.625494398	0.522071793	101324.998	101324.994	101324.985	101324.998	0.0131533921	0	0	0	0	0	3
227	246	0.628533947	0.524381846	101324.998	101324.994	101324.985	101324.998	0.0131533921	0	0	0	0	0	3
228	247	0.631566761	0.526691898	101324.998	101324.994	101324.985	101324.998	0.0131533921	0	0	0	0	0	3
229	248	0.634608234	0.52900195	101324.998	101324.994	101324.985	101324.998	0.0131533921	0	0	0	0	0	3
230	249	0.637640554	0.531312002	101324.998	101324.994	101324.985	101324.998	0.0131533921	0	0	0	0	0	3
231	250	0.640681592	0.533622054	101324.998	101324.994	101324.985	101324.998	0.0131533921	0	0	0	0	0	3
232	251	0.643711878	0.535932107	101324.998	101324.994	101324.985	101324.998	0.0131533921	0	0	0	0	0	3
233	252	0.646752755	0.538242159	101324.998	101324.994	101324.985	101324.998	0.0131533921	0	0	0	0	0	3
234	253	0.649787128	0.540552211	101324.998	101324.994	101324.985	101324.998	0.0131533921	0	0	0	0	0	3
235	254	0.652828703	0.542862263	101324.998	101324.994	101324.985	101324.998	0.0131533921	0	0	0	0	0	3
236	255	0.655859769	0.545172315	101324.998	101324.994	101324.985	101324.998	0.0131533921	0	0	0	0	0	3
237	256	0.658899951	0.547482367	101324.998	101324.994	101324.985	101324.998	0.0131533921	0	0	0	0	0	3
238	257	0.661931743	0.54979242	101324.998	101324.994	101324.985	101324.998	0.0131533921	0	0	0	0	0	3
239	258	0.664971595	0.552102472	101324.998	101324.994	101324.985	101324.998	0.0131533921	0	0	0	0	0	3
240	259	0.668003917	0.554412524	101324.998	101324.994	101324.985	101324.998	0.0131476085	0	0	0	0	0	3
241	260	0.671044629	0.556722576	101324.998	101324.994	101324.985	101324.998	0.012237842	0	0	0	0	0	3
242	261	0.674075634	0.559032628	101324.998	101324.994	101324.985	101324.998	0.0110495164	0	0	0	0	0	3
243	262	0.677116484	0.561342681	101324.998	101324.994	101324.985	101324.998	0.0100586515	0	0	0	0	0	3
244	263	0.680148563	0.563652733	101324.998	101324.994	101324.985	101324.998	0.00915948812	0	0	0	0	0	3
245	264	0.683188702	0.565962785	101324.998	101324.994	101324.985	101324.998	0.00839857299	0	0	0	0	0	3
246	265	0.686221279	0.568272837	101324.998	101324.994	101324.985	101324.998	0.00769745777	0	0	0	0	0	3
247	266	0.689261462	0.570582889	101324.998	101324.994	101324.985	101324.998	0.00701118229	0	0	0	0	0	3
248	267	0.692292399	0.572892941	101324.998	101324.994	101324.985	101324.998	0.00706099074	0	0	0	0	0	3
249	268	0.695332547	0.575202994	101324.998	101324.994	101324.985	101324.998	0.00711418421	0	0	0	0	0	3
250	269	0.698363119	0.577513046	101324.998	101324.995	101324.985	101324.998	0.00716777	0	0	0	0	0	3
251	270	0.701400222	0.579823098	101324.998	101324.995	101324.985	101324.998	0.00722347286	0	0	0	0	0	3
252	271	0.70442918	0.58213315	101324.997	101324.995	101324.985	101324.998	0.00727918558	0	0	0	0	0	3
253	272	0.707468347	0.584443202	101324.998	101324.995	101324.985	101324.998	0.00733588595	0	0	0	0	0	3
254	273	0.710499716	0.586753255	101324.998	101324.995	101324.985	101324.998	0.00739281735	0	0	0	0	0	3
255	274	0.713539964	0.589063307	101324.998	101324.995	101324.985	101324.998	0.00745133471	0	0	0	0	0	3
256	275	0.716570868	0.591373359	101324.997	101324.995	101324.985	101324.998	0.00750851614	0	0	0	0	0	3
257	276	0.719611898	0.593683411	101324.998	101324.995	101324.985	101324.998	0.00756706278	0	0	0	0	0	3
258	277	0.722643764	0.595993463	101324.997	101324.995	101324.985	101324.998	0.00762508118	0	0	0	0	0	3
259	278	0.725684217	0.598303515	101324.998	101324.995	101324.985	101324.998	0.00768372769	0	0	0	0	0	3
260	279	0.72871191	0.600613568	101324.998	101324.995	101324.985	101324.998	0.00774153815	0	0	0	0	0	3
261	280	0.731751779	0.60292362	101324.998	101324.995	101324.985	101324.998	0.00779917401	0	0	0	0	0	3
262	281	0.734784297	0.605233672	101324.998	101324.995	101324.985	101324.998	0.00785591353	0	0	0	0	0	3
263	282	0.737823448	0.607543724	101324.998	101324.995	101324.985	101324.998	0.00791226426	0	0	0	0	0	3
264	283	0.740854711	0.609853776	101324.997	101324.995	101324.985	101324.998	0.00796769693	0	0	0	0	0	3
265	284	0.743897287	0.612163829	101324.998	101324.995	101324.985	101324.998	0.00802358755	0	0	0	0	0	3
266	285	0.746927894	0.614473881	101324.997	101324.995	101324.985	101324.998	0.00807773454	0	0	0	0	0	3
267	286	0.749969748	0.616783933	101324.998	101324.995	101324.985	101324.998	0.00813334425	0	0	0	0	0	3
268	287	0.752995057	0.619093985	101324.998	101324.996	101324.985	101324.998	0.00818842302	0	0	0	0	0	3
269	288	0.756029257	0.621404037	101324.998	101324.996	101324.985	101324.998	0.0082446993	0	0	0	0	0	3
270	289	0.759042385	0.623714089	101324.998	101324.996	101324.985	101324.998	0.00830060446	0	0	0	0	0	3
271	290	0.762070306	0.626024142	101324.998	101324.996	101324.985	101324.998	0.00835765118	0	0	0	0	0	3
272	291	0.765030423	0.628334194	101324.998	101324.996	101324.985	101324.998	0.00841387952	0	0	0	0	0	3
273	292	0.768066533	0.630644246	101324.998	101324.996	101324.985	101324.998	0.00847216901	0	0	0	0	0	3
274	293	0.77109734	0.632954298	101324.998	101324.996	101324.985	101324.998	0.00852945664	0	0	0	0	0	3
275	294	0.774152732	0.63526435	101324.998	101324.996	101324.985	101324.998	0.00858804501	0	0	0	0	0	3
276	295	0.777199896	0.637574403	101324.998	101324.996	101324.985	101324.998	0.00864523624	0	0	0	0	0	3
277	296	0.78025974	0.639884455	101324.998	101324.996	101324.985	101324.998	0.00870356051	0	0	0	0	0	3
278	297	0.78329948	0.642194507	101324.998	101324.996	101324.985	101324.998	0.00876039021	0	0	0	0	0	3
279	298	0.786351555	0.644504559	101324.998	101324.996	101324.985	101324.998	0.00881844775	0	0	0	0	0	3
280	299	0.789388255	0.646814611	101324.998	101324.996	101324.985	101324.998	0.00887447241	0	0	0	0	0	3
281	300	0.792437714	0.649124664	101324.998	101324.996	101324.986	101324.998	0.00893106654	0	0	0	0	0	3
282	301	0.795472942	0.651434716	101324.998	101324.996	101324.986	101324.998	0.00898650964	0	0	0	0	0	3
283	302	0.798525358	0.653744768	101324.998	101324.996	101324.986	101324.998	0.0090417813	0	0	0	0	0	3
284	303	0.801560911	0.65605482	101324.998	101324.996	101324.986	101324.998	0.00909521275	0	0	0	0	0	3
285	304	0.804609695	0.658364872	101324.998	101324.996	101324.986	101324.998	0.00914912319	0	0	0	0	0	3
286	305	0.807646313	0.660674924	101324.998	101324.997	101324.987	101324.998	0.00920086865	0	0	0	0	0	3
287	306	0.810695598	0.662984977	101324.998	101324.997	101324.987	101324.998	0.00925136058	0	0	0	0	0	3
288	307	0.813734136	0.665295029	101324.998	101324.997	101324.987	101324.998	0.00929974891	0	0	0	0	0	3
289	308	0.816785055	0.667605081	101324.998	101324.997	101324.987	101324.998	0.00934753712	0	0	0	0	0	3
290	309	0.819825685	0.669915133	101324.998	101324.997	101324.988	101324.998	0.00938563717	0	0	0	0	0	3
291	310	0.82287301	0.672225185	101324.998	101324.997	101324.988	101324.998	0.00941229728	0	0	0	0	0	3
292	311	0.825908184	0.674535238	101324.998	101324.997	101324.988	101324.998	0.00943836659	0	0	0	0	0	3
293	312	0.828950919	0.67684529	101324.998	101324.997	101324.989	101324.998	0.00935221904	0	0	0	0	0	3
294	313	0.831980893	0.679155342	101324.998	101324.997	101324.989	101324.998	0.00908394592	0	0	0	0	0	3
295	314	0.835018985	0.681465394	101324.998	101324.997	101324.989	101324.998	0.00864379958	0	0	0	0	0	3
296	315	0.838046137	0.683775446	101324.997	101324.997	101324.99	101324.998	0.00849777793	0	0	0	0	0	3
297	316	0.841083703	0.686085498	101324.998	101324.997	101324.99	101324.998	0.00800038654	0	0	0	0	0	3
298	317	0.844111441	0.688395551	101324.997	101324.997	101324.99	101324.998	0.00799734741	0	0	0	0	0	3
299	318	0.847147297	0.690705603	101324.998	101324.997	101324.99	101324.998	0.00767341166	0	0	0	0	0	3
300	319	0.85017416	0.693015655	101324.997	101324.997	101324.991	101324.998	0.00746837624	0	0	0	0	0	3
301	324	0.853210715	0.695325707	101324.998	101324.997	101324.991	101324.998	0.00715984213	0	0	0	0	0	3
302	325	0.85623774	0.697635759	101324.997	101324.997	101324.991	101324.998	0.00704858635	0	0	0	0	0	3
303	326	0.859275206	0.699945812	101324.998	101324.997	101324.991	101324.998	0.00666303374	0	0	0	0	0	3
304	327	0.862304481	0.702255864	101324.997	101324.997	101324.991	101324.998	0.00662748581	0	0	0	0	0	3
305	328	0.865343069	0.704565916	101324.998	101324.997	101324.992	101324.998	0.00633650209	0	0	0	0	0	3
306	329	0.868373581	0.706875968	101324.997	101324.997	101324.992	101324.998	0.00620941918	0	0	0	0	0	3
307	330	0.871413824	0.70918602	101324.998	101324.997	101324.992	101324.998	0.00589579827	0	0	0	0	0	3
308	331	0.874443925	0.711496072	101324.997	101324.997	101324.992	101324.998	0.0057861961	0	0	0	0	0	3
309	332	0.877484019	0.713806125	101324.998	101324.997	101324.993	101324.998	0.00537529781	0	0	0	0	0	3
310	333	0.880515756	0.716116177	101324.997	101324.997	101324.993	101324.998	0.00518221591	0	0	0	0	0	3
311	334	0.883555582	0.718426229	101324.998	101324.997	101324.993	101324.998	0.00488580315	0	0	0	0	0	3
312	335	0.886585945	0.720736281	101324.998	101324.997	101324.993	101324.998	0.00468275291	0	0	0	0	0	3
313	336	0.889626066	0.723046333	101324.998	101324.997	101324.994	101324.998	0.00439849353	0	0	0	0	0	3
314	337	0.89265865	0.725356386	101324.997	101324.997	101324.994	101324.998	0.00419009652	0	0	0	0	0	3
315	338	0.895699994	0.727666438	101324.998	101324.998	101324.994	101324.998	0.00387376831	0	0	0	0	0	3
316	339	0.8987326	0.72997649	101324.998	101324.998	101324.994	101324.998	0.00370171988	0	0	0	0	0	3
317	340	0.901775844	0.732286542	101324.998	101324.998	101324.995	101324.998	0.00332361979	0	0	0	0	0	3
318	341	0.904810504	0.734596594	101324.998	101324.998	101324.995	101324.998	0.00310867045	0	0	0	0	0	3
319	342	0.907853378	0.736906646	101324.998	101324.998	101324.995	101324.998	0.00284224201	0	0	0	0	0	3
320	343	0.910885447	0.739216699	101324.998	101324.998	101324.995	101324.998	0.00260912285	0	0	0	0	0	3
321	344	0.913927605	0.741526751	101324.998	101324.998	101324.996	101324.998	0.0023064673	0	0	0	0	0	3
322	345	0.916959856	0.743836803	101324.998	101324.998	101324.996	101324.998	0.00214718308	0	0	0	0	0	3
323	346	0.919998636	0.746146855	101324.998	101324.998	101324.996	101324.998	0.00179073142	0	0	0	0	0	3
324	347	0.923028854	0.748456907	101324.998	101324.998	101324.996	101324.998	0.00168688345	0	0	0	0	0	3
325	348	0.926068388	0.75076696	101324.998	101324.998	101324.997	101324.998	0.001456529	0	0	0	0	0	3
326	349	0.929097685	0.753077012	101324.998	101324.998	101324.997	101324.998	0.00134463723	0	0	0	0	0	3
327	350	0.932135865	0.755387064	101324.998	101324.998	101324.997	101324.998	0.00103685801	0	0	0	0	0	3
328	351	0.935166442	0.757697116	101324.998	101324.998	101324.997	101324.998	0.00103685801	0	0	0	0	0	3
329	352	0.938206021	0.760007168	101324.998	101324.998	101324.997	101324.998	0.000747905418	0	0	0	0	0	3
330	353	0.941239628	0.76231722	101324.998	101324.998	101324.997	101324.998	0.000747905418	0	0	0	0	0	3
331	354	0.944280394	0.764627273	101324.998	101324.998	101324.997	101324.998	0.000577631334	0	0	0	0	0	3
332	355	0.947312142	0.766937325	101324.998	101324.998	101324.997	101324.998	0.000577631334	0	0	0	0	0	3
333	356	0.950353557	0.769247377	101324.998	101324.998	101324.997	101324.998	0.000577631334	0	0	0	0	0	3
334	357	0.953387322	0.771557429	101324.998	101324.998	101324.997	101324.998	0.000577631334	0	0	0	0	0	3
335	358	0.95642907	0.773867481	101324.998	101324.998	101324.997	101324.998	0.000577631334	0	0	0	0	0	3
336	359	0.959460338	0.776177534	101324.998	101324.998	101324.997	101324.998	0.000577631334	0	0	0	0	0	3
337	360	0.962500132	0.778487586	101324.998	101324.998	101324.997	101324.998	0.000577631334	0	0	0	0	0	3
338	361	0.965532945	0.780797638	101324.998	101324.998	101324.997	101324.998	0.000577631334	0	0	0	0	0	3
339	362	0.968573708	0.78310769	101324.998	101324.998	101324.997	101324.998	0.000577631334	0	0	0	0	0	3
340	363	0.971607317	0.785417742	101324.998	101324.998	101324.997	101324.998	0.000577631334	0	0	0	0	0	3
341	364	0.974649116	0.787727795	101324.998	101324.998	101324.997	101324.998	0.000577631334	0	0	0	0	0	3
342	365	0.977683777	0.790037847	101324.998	101324.998	101324.997	101324.998	0.000541332702	0	0	0	0	0	3
343	366	0.980724416	0.792347899	101324.998	101324.998	101324.997	101324.998	0.000541332702	0	0	0	0	0	3
344	367	0.983757135	0.794657951	101324.997	101324.998	101324.997	101324.998	0.000508845333	0	0	0	0	0	3
345	368	0.986798867	0.796968003	101324.998	101324.998	101324.997	101324.998	0.000469282691	0	0	0	0	0	3
346	369	0.989830741	0.799278055	101324.998	101324.998	101324.997	101324.998	0.000436756076	0	0	0	0	0	3
347	370	0.992873006	0.801588108	101324.998	101324.998	101324.997	101324.998	0.000436756076	0	0	0	0	0	3
348	371	0.99590694	0.80389816	101324.998	101324.998	101324.997	101324.998	0.000403769271	0	0	0	0	0	3
349	372	0.998948764	0.806208212	101324.998	101324.998	101324.997	101324.998	0.000403769271	0	0	0	0	0	3
350	373	1.00198116	0.808518264	101324.998	101324.998	101324.997	101324.998	0.000403769271	0	0	0	0	0	3
351	374	1.00502151	0.810828316	101324.998	101324.998	101324.997	101324.998	0.000403769271	0	0	0	0	0	3
352	375	1.00805314	0.813138369	101324.998	101324.998	101324.997	101324.998	0.000403769271	0	0	0	0	0	3
353	376	1.01109316	0.815448421	101324.998	101324.998	101324.997	101324.998	0.000403769271	0	0	0	0	0	3
354	377	1.01412545	0.817758473	101324.998	101324.998	101324.997	101324.998	0.000403769271	0	0	0	0	0	3
355	378	1.01716672	0.820068525	101324.998	101324.998	101324.997	101324.998	0.000403769271	0	0	0	0	0	3
356	378	1.02019893	0.822378577	101324.998	101324.998	101324.997	101324.998	0.000403769271	0	0	0	0	0	3
357	380	1.02324068	0.824688629	101324.998	101324.998	101324.997	101324.998	0.000403769271	0	0	0	0	0	3
358	381	1.02627415	0.826998682	101324.998	101324.998	101324.997	101324.998	0.000403769271	0	0	0	0	0	3
359	382	1.02931475	0.829308734	101324.998	101324.998	101324.997	101324.998	0.000403769271	0	0	0	0	0	3
360	383	1.03234758	0.831618786	101324.997	101324.998	101324.997	101324.998	0.000403769271	0	0	0	0	0	3
361	384	1.03538926	0.833928838	101324.998	101324.998	101324.997	101324.998	0.000403769271	0	0	0	0	0	3
362	384	1.0384221	0.83623889	101324.997	101324.998	101324.997	101324.998	0.000403769271	0	0	0	0	0	3
363	386	1.04146391	0.838548943	101324.998	101324.998	101324.997	101324.998	0.000403769271	0	0	0	0	0	3
364	387	1.04449651	0.840858995	101324.997	101324.998	101324.997	101324.998	0.000403769271	0	0	0	0	0	3
365	388	1.04753691	0.843169047	101324.998	101324.998	101324.997	101324.998	0.000403769271	0	0	0	0	0	3
366	389	1.05056997	0.845479099	101324.998	101324.998	101324.997	101324.998	0.000403769271	0	0	0	0	0	3
367	390	1.05361048	0.847789151	101324.998	101324.998	101324.997	101324.998	0.000403769271	0	0	0	0	0	3
368	390	1.05664208	0.850099203	101324.997	101324.998	101324.997	101324.998	0.000403769271	0	0	0	0	0	3
369	392	1.05968187	0.852409256	101324.998	101324.998	101324.997	101324.998	0.000403769271	0	0	0	0	0	3
370	393	1.06271368	0.854719308	101324.998	101324.998	101324.997	101324.998	0.000403769271	0	0	0	0	0	3
371	394	1.06575366	0.85702936	101324.998	101324.998	101324.997	101324.998	0.000403769271	0	0	0	0	0	3
372	395	1.06878499	0.859339412	101324.997	101324.998	101324.997	101324.998	0.000403769271	0	0	0	0	0	3
373	396	1.07182477	0.861649464	101324.998	101324.998	101324.997	101324.998	0.000403769271	0	0	0	0	0	3
374	396	1.07485584	0.863959517	101324.998	101324.998	101324.997	101324.998	0.000403769271	0	0	0	0	0	3
375	397	1.07789627	0.866269569	101324.998	101324.998	101324.997	101324.998	0.000403769271	0	0	0	0	0	3
376	398	1.08092817	0.868579621	101324.997	101324.998	101324.997	101324.998	0.000403769271	0	0	0	0	0	3
377	399	1.08396939	0.870889673	101324.998	101324.998	101324.997	101324.998	0.000403769271	0	0	0	0	0	3
378	400	1.08700224	0.873199725	101324.998	101324.998	101324.997	101324.998	0.000403769271	0	0	0	0	0	3
379	401	1.09004365	0.875509777	101324.998	101324.998	101324.997	101324.998	0.000403769271	0	0	0	0	0	3
380	402	1.09307809	0.87781983	101324.998	101324.998	101324.997	101324.998	0.000403769271	0	0	0	0	0	3
381	403	1.09612111	0.880129882	101324.998	101324.998	101324.997	101324.998	0.000403769271	0	0	0	0	0	3
382	404	1.09915511	0.882439934	101324.998	101324.998	101324.997	101324.998	0.000403769271	0	0	0	0	0	3
383	405	1.10219807	0.884749986	101324.998	101324.998	101324.997	101324.998	0.000403769271	0	0	0	0	0	3
384	406	1.10523304	0.887060038	101324.998	101324.998	101324.997	101324.998	0.000403769271	0	0	0	0	0	3
385	407	1.10827512	0.889370091	101324.998	101324.998	101324.997	101324.998	0.000403769271	0	0	0	0	0	3
386	408	1.11130779	0.891680143	101324.998	101324.998	101324.997	101324.998	0.000403769271	0	0	0	0	0	3
387	409	1.11435089	0.893990195	101324.998	101324.998	101324.997	101324.998	0.000403769271	0	0	0	0	0	3
388	410	1.11738566	0.896300247	101324.998	101324.998	101324.997	101324.998	0.000403769271	0	0	0	0	0	3
389	411	1.12042771	0.898610299	101324.998	101324.998	101324.997	101324.998	0.000403769271	0	0	0	0	0	3
390	412	1.12345951	0.900920351	101324.998	101324.998	101324.997	101324.998	0.000403769271	0	0	0	0	0	3
391	413	1.12650089	0.903230404	101324.998	101324.998	101324.997	101324.998	0.000403769271	0	0	0	0	0	3
392	414	1.12953429	0.905540456	101324.998	101324.998	101324.997	101324.998	0.000403769271	0	0	0	0	0	3
393	415	1.13257598	0.907850508	101324.998	101324.998	101324.997	101324.998	0.000403769271	0	0	0	0	0	3
394	416	1.13560777	0.91016056	101324.998	101324.998	101324.997	101324.998	0.000403769271	0	0	0	0	0	3
395	417	1.13864915	0.912470612	101324.998	101324.998	101324.997	101324.998	0.000403769271	0	0	0	0	0	3
396	418	1.14168079	0.914780665	101324.998	101324.998	101324.997	101324.998	0.000403769271	0	0	0	0	0	3
397	419	1.14471939	0.917090717	101324.998	101324.998	101324.997	101324.998	0.000403769271	0	0	0	0	0	3
398	420	1.14775111	0.919400769	101324.998	101324.998	101324.997	101324.998	0.000403769271	0	0	0	0	0	3
399	421	1.1507911	0.921710821	101324.998	101324.998	101324.997	101324.998	0.000403769271	0	0	0	0	0	3
400	422	1.15382294	0.924020873	101324.998	101324.998	101324.997	101324.998	0.000357502926	0	0	0	0	0	3
401	427	1.15686449	0.926330926	101324.998	101324.998	101324.997	101324.998	0.000357502926	0	0	0	0	0	3
402	428	1.15989726	0.928640978	101324.998	101324.998	101324.997	101324.998	0.000357502926	0	0	0	0	0	3
403	429	1.16293897	0.93095103	101324.998	101324.998	101324.997	101324.998	0.000357502926	0	0	0	0	0	3
404	430	1.16597175	0.933261082	101324.998	101324.998	101324.997	101324.998	0.000357502926	0	0	0	0	0	3
405	431	1.16901347	0.935571134	101324.998	101324.998	101324.997	101324.998	0.000357502926	0	0	0	0	0	3
406	432	1.17204494	0.937881186	101324.998	101324.998	101324.997	101324.998	0.000357502926	0	0	0	0	0	3
407	433	1.17508608	0.940191239	101324.998	101324.998	101324.997	101324.998	0.000357502926	0	0	0	0	0	3
408	434	1.17811852	0.942501291	101324.997	101324.998	101324.997	101324.998	0.000357502926	0	0	0	0	0	3
409	435	1.18115955	0.944811343	101324.998	101324.998	101324.997	101324.998	0.000357502926	0	0	0	0	0	3
410	436	1.18418911	0.947121395	101324.997	101324.998	101324.997	101324.998	0.000357502926	0	0	0	0	0	3
411	437	1.18722837	0.949431447	101324.998	101324.998	101324.997	101324.998	0.000357502926	0	0	0	0	0	3
412	438	1.19025706	0.9517415	101324.997	101324.998	101324.997	101324.998	0.000357502926	0	0	0	0	0	3
413	439	1.19329298	0.954051552	101324.998	101324.998	101324.997	101324.998	0.000357502926	0	0	0	0	0	3
414	440	1.19632144	0.956361604	101324.997	101324.998	101324.997	101324.998	0.000357502926	0	0	0	0	0	3
415	441	1.19936119	0.958671656	101324.998	101324.998	101324.997	101324.998	0.000357502926	0	0	0	0	0	3
416	442	1.20239157	0.960981708	101324.997	101324.998	101324.997	101324.998	0.000357502926	0	0	0	0	0	3
417	443	1.20542943	0.96329176	101324.998	101324.998	101324.997	101324.998	0.000357502926	0	0	0	0	0	3
418	444	1.20846012	0.965601813	101324.997	101324.998	101324.997	101324.998	0.000352559684	0	0	0	0	0	3
419	445	1.21150167	0.967911865	101324.998	101324.998	101324.997	101324.998	0.000352559684	0	0	0	0	0	3
420	446	1.21453246	0.970221917	101324.998	101324.998	101324.997	101324.998	0.000352559684	0	0	0	0	0	3
421	447	1.21756901	0.972531969	101324.998	101324.998	101324.997	101324.998	0.000352559684	0	0	0	0	0	3
422	448	1.22059903	0.974842021	101324.998	101324.998	101324.997	101324.998	0.000352559684	0	0	0	0	0	3
423	449	1.22364081	0.977152074	101324.998	101324.998	101324.997	101324.998	0.000352559684	0	0	0	0	0	3
424	450	1.22667238	0.979462126	101324.997	101324.998	101324.997	101324.998	0.000352559684	0	0	0	0	0	3
425	451	1.22971212	0.981772178	101324.998	101324.998	101324.997	101324.998	0.000352559684	0	0	0	0	0	3
426	452	1.23274345	0.98408223	101324.997	101324.998	101324.997	101324.998	0.000352559684	0	0	0	0	0	3
427	453	1.23578775	0.986392282	101324.998	101324.998	101324.997	101324.998	0.000352559684	0	0	0	0	0	3
428	454	1.23882175	0.988702334	101324.998	101324.998	101324.997	101324.998	0.000352559684	0	0	0	0	0	3
429	455	1.24186454	0.991012387	101324.998	101324.998	101324.997	101324.998	0.000352559684	0	0	0	0	0	3
430	456	1.24490048	0.993322439	101324.998	101324.998	101324.997	101324.998	0.000352559684	0	0	0	0	0	3
431	457	1.24794268	0.995632491	101324.998	101324.998	101324.997	101324.998	0.000352559684	0	0	0	0	0	3
432	458	1.25097701	0.997942543	101324.998	101324.998	101324.997	101324.998	0.000352559684	0	0	0	0	0	3
433	459	1.25401789	1.0002526	101324.998	101324.998	101324.997	101324.998	0.000352559684	0.00101324998	0	0	0	0	3
434	460	1.25705142	1.00256265	101324.997	101324.998	101324.997	101324.998	0.000315951504	0.00101324997	0	0	0	0	3
435	461	1.26009556	1.0048727	101324.998	101324.998	101324.997	101324.998	0.000315951504	0.00101324998	0	0	0	0	3
436	462	1.26313133	1.00718275	101324.998	101324.998	101324.997	101324.998	0.000315951504	0.00101324998	0	0	0	0	3
437	463	1.26617722	1.0094928	101324.998	101324.998	101324.997	101324.998	0.000315951504	0.00101324998	0	0	0	0	3
438	464	1.26921389	1.01180286	101324.998	101324.998	101324.997	101324.998	0.000298430125	0.00101324998	0	0	0	0	3
